################################################################################
# Collectl:   V4.3.1-1  HiRes: 1  Options: -sCDnfM -omT --dskopts z --netopts o --nfsopts z -i 1 --sep , -P -f export_nfs_single/collectl --procfilt P p 
# Host:       comp08  DaemonOpts: 
# Booted:     1603905388.7 [20201028-13:16:28]
# Distro:     CentOS Linux release 8.2.2004 (Core)   Platform: 
# Date:       20201105-194518  Secs: 1604623518 TZ: -0500
# SubSys:     CDnfM Options: mT Interval: 1 NumCPUs: 64 [HYPER] NumBud: 0 Flags: i
# Filters:    NfsFilt:  EnvFilt:  TcpFilt: ituc
# HZ:         100  Arch: x86_64-linux-thread-multi PageSize: 4096
# Cpu:        GenuineIntel Speed(MHz): 1000.116 Cores: 16  Siblings: 32 Nodes: 2
# Kernel:     4.18.0-193.19.1.el8_2.x86_64  Memory: 262284208 kB  Swap: 4194300 kB
# NumDisks:   9 DiskNames: sda sdb sdc sdd sde sdf dm-0 dm-1 dm-2
# NumNets:    3 NetNames: ens4f0:25000 ens4f1:?? lo:??
# SCSI:       DA:2:00:00:00 DA:3:00:00:00 DA:4:00:00:00 DA:5:00:00:00 DA:6:00:00:00 DA:7:00:00:00
################################################################################
#Date,Time,[NET]RxPktTot,[NET]TxPktTot,[NET]RxKBTot,[NET]TxKBTot,[NET]RxCmpTot,[NET]RxMltTot,[NET]TxCmpTot,[NET]RxErrsTot,[NET]TxErrsTot,[NFS]ReadsS,[NFS]WritesS,[NFS]MetaS,[NFS]CommitS,[NFS]Udp,[NFS]Tcp,[NFS]TcpConn,[NFS]BadAuth,[NFS]BadClient,[NFS]ReadsC,[NFS]WritesC,[NFS]MetaC,[NFS]CommitC,[NFS]Retrans,[NFS]AuthRef
20201105,19:45:20.001,941517,3429,1394488,487,0,1,0,0,0,0,0,0,0,0,0,0,0,0,1303,0,7,0,0,1316
20201105,19:45:21.001,1270318,5298,1881726,698,0,1,0,0,0,0,0,0,0,0,0,0,0,0,1747,0,0,0,0,1747
20201105,19:45:22.001,1254322,4774,1857931,657,0,2,0,0,0,0,0,0,0,0,0,0,0,0,1737,0,0,0,0,1737
20201105,19:45:23.001,1251018,4783,1853025,658,0,2,0,0,0,0,0,0,0,0,0,0,0,0,1727,0,0,0,0,1727
20201105,19:45:24.001,1251082,4811,1853117,659,0,1,0,0,0,0,0,0,0,0,0,0,0,0,1725,0,0,0,0,1725
20201105,19:45:25.001,1254521,4764,1858265,656,0,1,0,0,0,0,0,0,0,0,0,0,0,0,1725,0,0,0,0,1725
20201105,19:45:26.001,1249483,4613,1850691,647,0,2,0,0,0,0,0,0,0,0,0,0,0,0,1725,0,0,0,0,1725
20201105,19:45:27.001,1241500,4279,1838848,619,0,1,0,0,0,0,0,0,0,0,0,0,0,0,1719,0,0,0,0,1719
20201105,19:45:28.001,1244418,4405,1843141,630,0,1,0,0,0,0,0,0,0,0,0,0,0,0,1715,0,0,0,0,1715
20201105,19:45:29.001,1241932,4640,1839506,645,0,1,0,0,0,0,0,0,0,0,0,0,0,0,1711,0,0,0,0,1711
20201105,19:45:30.001,1275515,4789,1889262,666,0,1,0,0,0,0,0,0,0,0,0,0,0,0,1761,0,0,0,0,1761
20201105,19:45:31.001,349969,1389,518396,186,0,1,0,0,0,0,0,0,0,0,0,0,0,0,483,0,0,0,0,484
20201105,19:45:32.001,1,0,0,0,0,1,0,0,0,0,0,0,0,0,0,0,0,0,0,0,0,0,0,0
20201105,19:45:33.001,3,3,0,0,0,0,0,0,0,0,0,0,0,0,0,0,0,0,0,0,0,0,0,0
20201105,19:45:34.001,0,0,0,0,0,0,0,0,0,0,0,0,0,0,0,0,0,0,0,0,0,0,0,0
20201105,19:45:35.001,9,9,1,1,0,0,0,0,0,0,0,0,0,0,0,0,0,0,0,0,0,0,0,0
20201105,19:45:36.001,1,0,0,0,0,1,0,0,0,0,0,0,0,0,0,0,0,0,0,0,0,0,0,0
20201105,19:45:37.001,2,1,0,0,0,1,0,0,0,0,0,0,0,0,0,0,0,0,0,0,0,0,0,0
20201105,19:45:38.001,2,1,0,0,0,1,0,0,0,0,0,0,0,0,0,0,0,0,0,0,0,0,0,0
20201105,19:45:39.001,1,0,0,0,0,1,0,0,0,0,0,0,0,0,0,0,0,0,0,0,0,0,0,0
20201105,19:45:40.001,3,2,0,0,0,1,0,0,0,0,0,0,0,0,0,0,0,0,0,0,0,0,0,0
20201105,19:45:41.001,1,0,0,0,0,1,0,0,0,0,0,0,0,0,0,0,0,0,0,0,0,0,0,0
20201105,19:45:42.001,0,0,0,0,0,0,0,0,0,0,0,0,0,0,0,0,0,0,0,0,0,0,0,0
20201105,19:45:43.001,0,0,0,0,0,0,0,0,0,0,0,0,0,0,0,0,0,0,0,0,0,0,0,0
20201105,19:45:44.001,0,0,0,0,0,0,0,0,0,0,0,0,0,0,0,0,0,0,0,0,0,0,0,0
20201105,19:45:45.001,0,0,0,0,0,0,0,0,0,0,0,0,0,0,0,0,0,0,0,0,0,0,0,0
20201105,19:45:46.001,0,0,0,0,0,0,0,0,0,0,0,0,0,0,0,0,0,0,0,0,0,0,0,0
20201105,19:45:47.001,2,2,0,0,0,0,0,0,0,0,0,0,0,0,0,0,0,0,0,0,0,0,0,0
20201105,19:45:48.001,1,1,0,0,0,0,0,0,0,0,0,0,0,0,0,0,0,0,0,0,0,0,0,0
20201105,19:45:49.001,0,0,0,0,0,0,0,0,0,0,0,0,0,0,0,0,0,0,0,0,0,0,0,0
20201105,19:45:50.001,1,1,0,0,0,0,0,0,0,0,0,0,0,0,0,0,0,0,0,0,0,0,0,0
20201105,19:45:51.001,5,8,1,5,0,0,0,0,0,0,0,0,0,0,0,0,0,0,0,1,0,1,0,2
20201105,19:45:52.001,0,1,0,0,0,0,0,0,0,0,0,0,0,0,0,0,0,0,0,0,0,0,0,0
20201105,19:45:53.001,0,1,0,0,0,0,0,0,0,0,0,0,0,0,0,0,0,0,0,0,0,0,0,0
20201105,19:45:54.001,0,1,0,0,0,0,0,0,0,0,0,0,0,0,0,0,0,0,0,0,0,0,0,0
20201105,19:45:55.001,0,1,0,0,0,0,0,0,0,0,0,0,0,0,0,0,0,0,0,0,0,0,0,0
20201105,19:45:56.001,0,1,0,0,0,0,0,0,0,0,0,0,0,0,0,0,0,0,0,0,0,0,0,0
20201105,19:45:57.001,0,1,0,0,0,0,0,0,0,0,0,0,0,0,0,0,0,0,0,0,0,0,0,0
20201105,19:45:58.001,3,3,0,0,0,0,0,0,0,0,0,0,0,0,0,0,0,0,0,0,0,0,0,0
20201105,19:45:59.001,1,1,0,0,0,0,0,0,0,0,0,0,0,0,0,0,0,0,0,0,0,0,0,0
20201105,19:46:00.001,2,4,1,1,0,0,0,0,0,0,0,0,0,0,0,0,0,0,0,0,1,0,0,2
20201105,19:46:01.001,1,0,0,0,0,1,0,0,0,0,0,0,0,0,0,0,0,0,0,0,0,0,0,0
20201105,19:46:02.001,1,0,0,0,0,1,0,0,0,0,0,0,0,0,0,0,0,0,0,0,0,0,0,0
20201105,19:46:03.001,3,2,0,0,0,1,0,0,0,0,0,0,0,0,0,0,0,0,0,0,0,0,0,0
20201105,19:46:04.001,4,3,0,0,0,1,0,0,0,0,0,0,0,0,0,0,0,0,0,0,0,0,0,0
20201105,19:46:05.001,8,7,1,0,0,1,0,0,0,0,0,0,0,0,0,0,0,0,0,0,0,0,0,0
20201105,19:46:06.001,5,4,0,0,0,1,0,0,0,0,0,0,0,0,0,0,0,0,0,0,0,0,0,0
20201105,19:46:07.001,0,0,0,0,0,0,0,0,0,0,0,0,0,0,0,0,0,0,0,0,0,0,0,0
20201105,19:46:08.001,22613,1530182,1917,2268356,0,0,0,0,0,0,0,0,0,0,0,0,0,0,0,2110,0,0,0,2115
20201105,19:46:09.001,23044,1514817,1943,2245598,0,0,0,0,0,0,0,0,0,0,0,0,0,0,0,2085,0,0,0,2092
20201105,19:46:10.001,22865,1522267,1932,2256649,0,1,0,0,0,0,0,0,0,0,0,0,0,0,0,2099,0,0,0,2100
20201105,19:46:11.001,23175,1518546,1953,2251135,0,1,0,0,0,0,0,0,0,0,0,0,0,0,0,2093,0,0,0,2096
20201105,19:46:12.001,23036,1521711,1944,2255809,0,2,0,0,0,0,0,0,0,0,0,0,0,0,0,2101,0,0,0,2102
20201105,19:46:13.001,23095,1541850,1953,2285672,0,2,0,0,0,0,0,0,0,0,0,0,0,0,0,2128,0,0,0,2128
20201105,19:46:14.001,23169,1540659,1958,2283915,0,2,0,0,0,0,0,0,0,0,0,0,0,0,0,2125,0,0,0,2127
20201105,19:46:15.001,22309,1519245,1894,2252162,0,2,0,0,0,0,0,0,0,0,0,0,0,0,0,2094,0,0,0,2097
20201105,19:46:16.001,24461,1509121,2038,2237153,0,1,0,0,0,0,0,0,0,0,0,0,0,0,0,2082,0,0,0,2085
20201105,19:46:17.001,1591,96608,132,143210,0,1,0,0,0,0,0,0,0,0,0,0,0,0,0,131,0,1,0,132
20201105,19:46:18.001,2,2,0,0,0,0,0,0,0,0,0,0,0,0,0,0,0,0,0,0,0,0,0,0
20201105,19:46:19.001,2,4,1,1,0,0,0,0,0,0,0,0,0,0,0,0,0,0,0,0,2,0,0,2
20201105,19:46:20.001,1,2,0,0,0,0,0,0,0,0,0,0,0,0,0,0,0,0,0,0,1,0,0,1
20201105,19:46:21.001,5,11,1,8,0,0,0,0,0,0,0,0,0,0,0,0,0,0,0,1,0,1,0,2
20201105,19:46:22.001,0,0,0,0,0,0,0,0,0,0,0,0,0,0,0,0,0,0,0,0,0,0,0,0
20201105,19:46:23.001,0,0,0,0,0,0,0,0,0,0,0,0,0,0,0,0,0,0,0,0,0,0,0,0
20201105,19:46:24.001,0,0,0,0,0,0,0,0,0,0,0,0,0,0,0,0,0,0,0,0,0,0,0,0
20201105,19:46:25.001,1,1,0,1,0,0,0,0,0,0,0,0,0,0,0,0,0,0,0,0,0,0,0,0
20201105,19:46:26.001,0,0,0,0,0,0,0,0,0,0,0,0,0,0,0,0,0,0,0,0,0,0,0,0
20201105,19:46:27.001,0,0,0,0,0,0,0,0,0,0,0,0,0,0,0,0,0,0,0,0,0,0,0,0
20201105,19:46:28.001,9,8,1,1,0,1,0,0,0,0,0,0,0,0,0,0,0,0,0,0,0,0,0,0
20201105,19:46:29.001,3,2,0,0,0,1,0,0,0,0,0,0,0,0,0,0,0,0,0,0,0,0,0,0
20201105,19:46:30.001,2,0,0,0,0,2,0,0,0,0,0,0,0,0,0,0,0,0,0,0,0,0,0,0
20201105,19:46:31.001,2,0,0,0,0,2,0,0,0,0,0,0,0,0,0,0,0,0,0,0,0,0,0,0
20201105,19:46:32.001,2,0,0,0,0,2,0,0,0,0,0,0,0,0,0,0,0,0,0,0,0,0,0,0
20201105,19:46:33.001,3,1,0,0,0,2,0,0,0,0,0,0,0,0,0,0,0,0,0,0,0,0,0,0
20201105,19:46:34.001,6,5,0,0,0,1,0,0,0,0,0,0,0,0,0,0,0,0,0,0,0,0,0,0
20201105,19:46:35.001,5,4,0,0,0,1,0,0,0,0,0,0,0,0,0,0,0,0,0,0,0,0,0,0
20201105,19:46:36.001,3,3,0,0,0,0,0,0,0,0,0,0,0,0,0,0,0,0,0,0,0,0,0,0
20201105,19:46:37.001,1,0,0,0,0,1,0,0,0,0,0,0,0,0,0,0,0,0,0,0,0,0,0,0
20201105,19:46:38.001,1,0,0,0,0,1,0,0,0,0,0,0,0,0,0,0,0,0,0,0,0,0,0,0
20201105,19:46:39.001,2,1,0,0,0,1,0,0,0,0,0,0,0,0,0,0,0,0,0,0,0,0,0,0
20201105,19:46:40.001,1,0,0,0,0,1,0,0,0,0,0,0,0,0,0,0,0,0,0,0,0,0,0,0
20201105,19:46:41.001,1,0,0,0,0,1,0,0,0,0,0,0,0,0,0,0,0,0,0,0,0,0,0,0
20201105,19:46:42.001,1,0,0,0,0,1,0,0,0,0,0,0,0,0,0,0,0,0,0,0,0,0,0,0
20201105,19:46:43.001,0,0,0,0,0,0,0,0,0,0,0,0,0,0,0,0,0,0,0,0,0,0,0,0
20201105,19:46:44.001,0,0,0,0,0,0,0,0,0,0,0,0,0,0,0,0,0,0,0,0,0,0,0,0
20201105,19:46:45.001,0,0,0,0,0,0,0,0,0,0,0,0,0,0,0,0,0,0,0,0,0,0,0,0
20201105,19:46:46.001,2,2,0,0,0,0,0,0,0,0,0,0,0,0,0,0,0,0,0,0,0,0,0,0
20201105,19:46:47.001,2,2,0,0,0,0,0,0,0,0,0,0,0,0,0,0,0,0,0,0,0,0,0,0
20201105,19:46:48.001,0,0,0,0,0,0,0,0,0,0,0,0,0,0,0,0,0,0,0,0,0,0,0,0
20201105,19:46:49.001,0,0,0,0,0,0,0,0,0,0,0,0,0,0,0,0,0,0,0,0,0,0,0,0
20201105,19:46:50.001,1,1,0,1,0,0,0,0,0,0,0,0,0,0,0,0,0,0,0,0,0,0,0,0
20201105,19:46:51.001,3,3,0,0,0,0,0,0,0,0,0,0,0,0,0,0,0,0,0,0,0,0,0,0
20201105,19:46:52.001,5,11,1,8,0,1,0,0,0,0,0,0,0,0,0,0,0,0,0,1,0,1,0,3
20201105,19:46:53.001,2,1,0,0,0,1,0,0,0,0,0,0,0,0,0,0,0,0,0,0,0,0,0,0
20201105,19:46:54.001,1,0,0,0,0,1,0,0,0,0,0,0,0,0,0,0,0,0,0,0,0,0,0,0
20201105,19:46:55.001,2,1,0,0,0,1,0,0,0,0,0,0,0,0,0,0,0,0,0,0,0,0,0,0
20201105,19:46:56.001,1,0,0,0,0,1,0,0,0,0,0,0,0,0,0,0,0,0,0,0,0,0,0,0
20201105,19:46:57.001,1,0,0,0,0,1,0,0,0,0,0,0,0,0,0,0,0,0,0,0,0,0,0,0
20201105,19:46:58.001,0,0,0,0,0,0,0,0,0,0,0,0,0,0,0,0,0,0,0,0,0,0,0,0
20201105,19:46:59.001,5,5,0,0,0,0,0,0,0,0,0,0,0,0,0,0,0,0,0,0,0,0,0,0
20201105,19:47:00.001,12,18,3,3,0,0,0,0,0,0,0,0,0,0,0,0,0,0,0,1,5,0,0,11
20201105,19:47:01.001,380396,1287,563401,189,0,0,0,0,0,0,0,0,0,0,0,0,0,0,526,0,0,0,0,526
20201105,19:47:02.001,1286582,5192,1905852,696,0,0,0,0,0,0,0,0,0,0,0,0,0,0,1770,0,0,0,0,1770
20201105,19:47:03.001,1275626,5400,1889653,705,0,0,0,0,0,0,0,0,0,0,0,0,0,0,1767,0,0,0,0,1767
20201105,19:47:04.001,1245230,5093,1844546,677,0,0,0,0,0,0,0,0,0,0,0,0,0,0,1713,0,0,0,0,1713
20201105,19:47:05.001,1268398,5561,1878997,715,0,0,0,0,0,0,0,0,0,0,0,0,0,0,1755,0,0,0,0,1755
20201105,19:47:06.001,1256264,5315,1860947,695,0,0,0,0,0,0,0,0,0,0,0,0,0,0,1725,0,0,0,0,1725
20201105,19:47:07.001,1256582,5141,1861407,683,0,1,0,0,0,0,0,0,0,0,0,0,0,0,1740,0,0,0,0,1740
20201105,19:47:08.001,1265413,5264,1874501,695,0,1,0,0,0,0,0,0,0,0,0,0,0,0,1740,0,0,0,0,1740
20201105,19:47:09.001,1272780,5685,1885520,724,0,1,0,0,0,0,0,0,0,0,0,0,0,0,1756,0,0,0,0,1756
20201105,19:47:10.001,1269908,5139,1881094,687,0,1,0,0,0,0,0,0,0,0,0,0,0,0,1754,0,0,0,0,1754
20201105,19:47:11.001,1269074,4975,1879816,675,0,1,0,0,0,0,0,0,0,0,0,0,0,0,1755,0,0,0,0,1755
20201105,19:47:12.001,778206,2384,1152559,369,0,2,0,0,0,0,0,0,0,0,0,0,0,0,1074,0,0,0,0,1075
20201105,19:47:13.001,2,2,0,0,0,1,0,0,0,0,0,0,0,0,0,0,0,0,0,0,0,0,0,1
20201105,19:47:14.001,2,0,0,0,0,2,0,0,0,0,0,0,0,0,0,0,0,0,0,0,0,0,0,0
20201105,19:47:15.001,2,0,0,0,0,2,0,0,0,0,0,0,0,0,0,0,0,0,0,0,0,0,0,0
20201105,19:47:16.001,3,1,0,0,0,2,0,0,0,0,0,0,0,0,0,0,0,0,0,0,0,0,0,0
20201105,19:47:17.001,4,2,0,0,0,2,0,0,0,0,0,0,0,0,0,0,0,0,0,0,0,0,0,0
20201105,19:47:18.001,1,0,0,0,0,1,0,0,0,0,0,0,0,0,0,0,0,0,0,0,0,0,0,0
20201105,19:47:19.001,2,4,1,1,0,0,0,0,0,0,0,0,0,0,0,0,0,0,0,0,2,0,0,2
20201105,19:47:20.001,5,5,1,1,0,1,0,0,0,0,0,0,0,0,0,0,0,0,0,0,1,0,0,1
20201105,19:47:21.001,3,3,0,0,0,0,0,0,0,0,0,0,0,0,0,0,0,0,0,0,0,0,0,0
20201105,19:47:22.001,0,0,0,0,0,0,0,0,0,0,0,0,0,0,0,0,0,0,0,0,0,0,0,0
20201105,19:47:23.001,3,8,0,7,0,0,0,0,0,0,0,0,0,0,0,0,0,0,0,1,0,1,0,2
20201105,19:47:24.001,0,0,0,0,0,0,0,0,0,0,0,0,0,0,0,0,0,0,0,0,0,0,0,0
20201105,19:47:25.001,0,0,0,0,0,0,0,0,0,0,0,0,0,0,0,0,0,0,0,0,0,0,0,0
20201105,19:47:26.001,0,0,0,0,0,0,0,0,0,0,0,0,0,0,0,0,0,0,0,0,0,0,0,0
20201105,19:47:27.001,1,0,0,0,0,1,0,0,0,0,0,0,0,0,0,0,0,0,0,0,0,0,0,0
20201105,19:47:28.001,1,0,0,0,0,1,0,0,0,0,0,0,0,0,0,0,0,0,0,0,0,0,0,0
20201105,19:47:29.001,5,4,0,0,0,1,0,0,0,0,0,0,0,0,0,0,0,0,0,0,0,0,0,0
20201105,19:47:30.001,1,0,0,0,0,1,0,0,0,0,0,0,0,0,0,0,0,0,0,0,0,0,0,0
20201105,19:47:31.001,1,0,0,0,0,1,0,0,0,0,0,0,0,0,0,0,0,0,0,0,0,0,0,0
20201105,19:47:32.001,1,1,0,0,0,1,0,0,0,0,0,0,0,0,0,0,0,0,0,0,0,0,0,0
20201105,19:47:33.001,0,0,0,0,0,0,0,0,0,0,0,0,0,0,0,0,0,0,0,0,0,0,0,0
20201105,19:47:34.001,7,8,0,0,0,0,0,0,0,0,0,0,0,0,0,0,0,0,0,0,0,0,0,0
20201105,19:47:35.001,3,4,0,0,0,0,0,0,0,0,0,0,0,0,0,0,0,0,0,0,0,0,0,0
20201105,19:47:36.001,0,1,0,0,0,0,0,0,0,0,0,0,0,0,0,0,0,0,0,0,0,0,0,0
20201105,19:47:37.001,0,1,0,0,0,0,0,0,0,0,0,0,0,0,0,0,0,0,0,0,0,0,0,0
20201105,19:47:38.001,0,1,0,0,0,0,0,0,0,0,0,0,0,0,0,0,0,0,0,0,0,0,0,0
20201105,19:47:39.001,1,1,0,0,0,0,0,0,0,0,0,0,0,0,0,0,0,0,0,0,0,0,0,0
20201105,19:47:40.001,1,1,0,1,0,0,0,0,0,0,0,0,0,0,0,0,0,0,0,0,0,0,0,0
20201105,19:47:41.001,2,4,1,1,0,0,0,0,0,0,0,0,0,0,0,0,0,0,0,0,1,0,0,2
20201105,19:47:42.001,0,0,0,0,0,0,0,0,0,0,0,0,0,0,0,0,0,0,0,0,0,0,0,0
20201105,19:47:43.001,1,0,0,0,0,1,0,0,0,0,0,0,0,0,0,0,0,0,0,0,0,0,0,0
20201105,19:47:44.001,1,0,0,0,0,1,0,0,0,0,0,0,0,0,0,0,0,0,0,0,0,0,0,0
20201105,19:47:45.001,3,2,0,0,0,1,0,0,0,0,0,0,0,0,0,0,0,0,0,0,0,0,0,0
20201105,19:47:46.001,4,3,0,0,0,1,0,0,0,0,0,0,0,0,0,0,0,0,0,0,0,0,0,0
20201105,19:47:47.001,1,1,0,0,0,0,0,0,0,0,0,0,0,0,0,0,0,0,0,0,0,0,0,0
20201105,19:47:48.001,1,0,0,0,0,1,0,0,0,0,0,0,0,0,0,0,0,0,0,0,0,0,0,0
20201105,19:47:49.001,29065,1156376,2267,1714236,0,2,0,0,0,0,0,0,0,0,0,0,0,0,0,1597,0,0,0,1599
20201105,19:47:50.001,27582,1522127,2255,2256432,0,2,0,0,0,0,0,0,0,0,0,0,0,0,0,2100,0,0,0,2102
20201105,19:47:51.001,27885,1521542,2275,2255551,0,2,0,0,0,0,0,0,0,0,0,0,0,0,0,2100,0,0,0,2100
20201105,19:47:52.001,27890,1514152,2274,2244615,0,3,0,0,0,0,0,0,0,0,0,0,0,0,0,2088,0,0,0,2090
20201105,19:47:53.001,27915,1523280,2278,2258138,0,3,0,0,0,0,0,0,0,0,0,0,0,0,0,2105,0,1,0,2107
20201105,19:47:54.001,27943,1518622,2279,2251228,0,3,0,0,0,0,0,0,0,0,0,0,0,0,0,2096,0,0,0,2097
20201105,19:47:55.001,28250,1527699,2302,2264703,0,2,0,0,0,0,0,0,0,0,0,0,0,0,0,2106,0,0,0,2108
20201105,19:47:56.001,27872,1518558,2274,2251152,0,1,0,0,0,0,0,0,0,0,0,0,0,0,0,2095,0,0,0,2096
20201105,19:47:57.001,28351,1515180,2306,2246127,0,1,0,0,0,0,0,0,0,0,0,0,0,0,0,2090,0,0,0,2092
20201105,19:47:58.001,9172,497482,748,737484,0,0,0,0,0,0,0,0,0,0,0,0,0,0,0,684,0,1,0,686
20201105,19:47:59.001,4,4,0,0,0,0,0,0,0,0,0,0,0,0,0,0,0,0,0,0,0,0,0,0
20201105,19:48:00.001,0,0,0,0,0,0,0,0,0,0,0,0,0,0,0,0,0,0,0,0,0,0,0,0
20201105,19:48:01.001,0,0,0,0,0,0,0,0,0,0,0,0,0,0,0,0,0,0,0,0,0,0,0,0
20201105,19:48:02.001,0,0,0,0,0,0,0,0,0,0,0,0,0,0,0,0,0,0,0,0,0,0,0,0
20201105,19:48:03.001,0,0,0,0,0,0,0,0,0,0,0,0,0,0,0,0,0,0,0,0,0,0,0,0
20201105,19:48:04.001,7,7,0,0,0,0,0,0,0,0,0,0,0,0,0,0,0,0,0,0,0,0,0,0
20201105,19:48:05.001,6,6,0,1,0,0,0,0,0,0,0,0,0,0,0,0,0,0,0,0,0,0,0,0
20201105,19:48:06.001,0,0,0,0,0,0,0,0,0,0,0,0,0,0,0,0,0,0,0,0,0,0,0,0
20201105,19:48:07.001,1,0,0,0,0,1,0,0,0,0,0,0,0,0,0,0,0,0,0,0,0,0,0,0
20201105,19:48:08.001,1,0,0,0,0,1,0,0,0,0,0,0,0,0,0,0,0,0,0,0,0,0,0,0
20201105,19:48:09.001,1,0,0,0,0,1,0,0,0,0,0,0,0,0,0,0,0,0,0,0,0,0,0,0
20201105,19:48:10.001,1,0,0,0,0,1,0,0,0,0,0,0,0,0,0,0,0,0,0,0,0,0,0,0
20201105,19:48:11.001,1,0,0,0,0,1,0,0,0,0,0,0,0,0,0,0,0,0,0,0,0,0,0,0
20201105,19:48:12.001,1,0,0,0,0,1,0,0,0,0,0,0,0,0,0,0,0,0,0,0,0,0,0,0
20201105,19:48:13.001,0,0,0,0,0,0,0,0,0,0,0,0,0,0,0,0,0,0,0,0,0,0,0,0
20201105,19:48:14.001,2,2,0,0,0,0,0,0,0,0,0,0,0,0,0,0,0,0,0,0,0,0,0,1
20201105,19:48:15.001,0,0,0,0,0,0,0,0,0,0,0,0,0,0,0,0,0,0,0,0,0,0,0,0
20201105,19:48:16.001,3,3,0,0,0,0,0,0,0,0,0,0,0,0,0,0,0,0,0,0,0,0,0,0
20201105,19:48:17.001,0,0,0,0,0,0,0,0,0,0,0,0,0,0,0,0,0,0,0,0,0,0,0,0
20201105,19:48:18.001,0,0,0,0,0,0,0,0,0,0,0,0,0,0,0,0,0,0,0,0,0,0,0,0
20201105,19:48:19.001,2,4,1,1,0,0,0,0,0,0,0,0,0,0,0,0,0,0,0,0,2,0,0,2
20201105,19:48:20.001,1,2,0,0,0,0,0,0,0,0,0,0,0,0,0,0,0,0,0,0,1,0,0,1
20201105,19:48:21.001,2,2,0,0,0,0,0,0,0,0,0,0,0,0,0,0,0,0,0,0,0,0,0,0
20201105,19:48:22.001,2,2,0,0,0,0,0,0,0,0,0,0,0,0,0,0,0,0,0,0,0,0,0,0
20201105,19:48:23.001,0,0,0,0,0,0,0,0,0,0,0,0,0,0,0,0,0,0,0,0,0,0,0,0
20201105,19:48:24.001,3,8,0,7,0,0,0,0,0,0,0,0,0,0,0,0,0,0,0,1,0,1,0,2
20201105,19:48:25.001,0,0,0,0,0,0,0,0,0,0,0,0,0,0,0,0,0,0,0,0,0,0,0,0
20201105,19:48:26.001,0,0,0,0,0,0,0,0,0,0,0,0,0,0,0,0,0,0,0,0,0,0,0,0
20201105,19:48:27.001,0,0,0,0,0,0,0,0,0,0,0,0,0,0,0,0,0,0,0,0,0,0,0,0
20201105,19:48:28.001,0,0,0,0,0,0,0,0,0,0,0,0,0,0,0,0,0,0,0,0,0,0,0,0
20201105,19:48:29.001,3,2,0,0,0,1,0,0,0,0,0,0,0,0,0,0,0,0,0,0,0,0,0,0
20201105,19:48:30.001,3,2,0,0,0,1,0,0,0,0,0,0,0,0,0,0,0,0,0,0,0,0,0,0
20201105,19:48:31.001,1,0,0,0,0,1,0,0,0,0,0,0,0,0,0,0,0,0,0,0,0,0,0,0
20201105,19:48:32.001,1,0,0,0,0,1,0,0,0,0,0,0,0,0,0,0,0,0,0,0,0,0,0,0
20201105,19:48:33.001,1,0,0,0,0,1,0,0,0,0,0,0,0,0,0,0,0,0,0,0,0,0,0,0
20201105,19:48:34.001,7,6,0,0,0,1,0,0,0,0,0,0,0,0,0,0,0,0,0,0,0,0,0,0
20201105,19:48:35.001,6,6,0,0,0,0,0,0,0,0,0,0,0,0,0,0,0,0,0,0,0,0,0,0
20201105,19:48:36.001,2,2,0,0,0,0,0,0,0,0,0,0,0,0,0,0,0,0,0,0,0,0,0,0
20201105,19:48:37.001,0,0,0,0,0,0,0,0,0,0,0,0,0,0,0,0,0,0,0,0,0,0,0,0
20201105,19:48:38.001,0,0,0,0,0,0,0,0,0,0,0,0,0,0,0,0,0,0,0,0,0,0,0,0
20201105,19:48:39.001,0,0,0,0,0,0,0,0,0,0,0,0,0,0,0,0,0,0,0,0,0,0,0,0
20201105,19:48:40.001,2,2,0,0,0,0,0,0,0,0,0,0,0,0,0,0,0,0,0,0,0,0,0,0
20201105,19:48:41.001,11,18,3,3,0,0,0,0,0,0,0,0,0,0,0,0,0,0,0,1,5,0,0,10
20201105,19:48:42.001,311518,1089,461395,158,0,1,0,0,0,0,0,0,0,0,0,0,0,0,434,0,0,0,0,434
20201105,19:48:43.001,1264953,5196,1873803,688,0,1,0,0,0,0,0,0,0,0,0,0,0,0,1742,0,0,0,0,1742
20201105,19:48:44.001,1271926,5464,1884253,709,0,1,0,0,0,0,0,0,0,0,0,0,0,0,1755,0,0,0,0,1755
20201105,19:48:45.001,1237849,4992,1833564,669,0,1,0,0,0,0,0,0,0,0,0,0,0,0,1710,0,0,0,0,1711
20201105,19:48:46.001,1270659,5353,1882345,700,0,1,0,0,0,0,0,0,0,0,0,0,0,0,1754,0,0,0,0,1754
20201105,19:48:47.001,1238107,4216,1833808,615,0,2,0,0,0,0,0,0,0,0,0,0,0,0,1705,0,0,0,0,1705
20201105,19:48:48.001,1245935,4907,1845609,664,0,1,0,0,0,0,0,0,0,0,0,0,0,0,1715,0,0,0,0,1715
20201105,19:48:49.001,1236679,4350,1831663,624,0,1,0,0,0,0,0,0,0,0,0,0,0,0,1709,0,0,0,0,1710
20201105,19:48:50.001,1261920,5196,1869232,689,0,1,0,0,0,0,0,0,0,0,0,0,0,0,1740,0,0,0,0,1740
20201105,19:48:51.001,1264184,4667,1872459,652,0,1,0,0,0,0,0,0,0,0,0,0,0,0,1740,0,0,0,0,1740
20201105,19:48:52.001,1270624,5357,1882244,703,0,2,0,0,0,0,0,0,0,0,0,0,0,0,1758,0,0,0,0,1758
20201105,19:48:53.001,950513,3637,1407947,499,0,0,0,0,0,0,0,0,0,0,0,0,0,0,1311,0,0,0,0,1312
20201105,19:48:54.001,1,0,0,0,0,1,0,0,0,0,0,0,0,0,0,0,0,0,0,0,0,0,0,0
20201105,19:48:55.001,5,9,1,7,0,1,0,0,0,0,0,0,0,0,0,0,0,0,0,1,0,1,0,2
20201105,19:48:56.001,1,0,0,0,0,1,0,0,0,0,0,0,0,0,0,0,0,0,0,0,0,0,0,0
20201105,19:48:57.001,1,0,0,0,0,1,0,0,0,0,0,0,0,0,0,0,0,0,0,0,0,0,0,0
20201105,19:48:58.001,1,0,0,0,0,1,0,0,0,0,0,0,0,0,0,0,0,0,0,0,0,0,0,0
20201105,19:48:59.001,1,0,0,0,0,1,0,0,0,0,0,0,0,0,0,0,0,0,0,0,0,0,0,0
20201105,19:49:00.001,5,4,0,0,0,1,0,0,0,0,0,0,0,0,0,0,0,0,0,0,0,0,0,0
20201105,19:49:01.001,1,0,0,0,0,1,0,0,0,0,0,0,0,0,0,0,0,0,0,0,0,0,0,0
20201105,19:49:02.001,1,0,0,0,0,1,0,0,0,0,0,0,0,0,0,0,0,0,0,0,0,0,0,0
20201105,19:49:03.001,1,0,0,0,0,1,0,0,0,0,0,0,0,0,0,0,0,0,0,0,0,0,0,0
20201105,19:49:04.001,5,3,0,0,0,2,0,0,0,0,0,0,0,0,0,0,0,0,0,0,0,0,0,0
20201105,19:49:05.001,10,9,1,1,0,1,0,0,0,0,0,0,0,0,0,0,0,0,0,0,0,0,0,0
20201105,19:49:06.001,3,2,0,0,0,1,0,0,0,0,0,0,0,0,0,0,0,0,0,0,0,0,0,0
20201105,19:49:07.001,2,0,0,0,0,2,0,0,0,0,0,0,0,0,0,0,0,0,0,0,0,0,0,0
20201105,19:49:08.001,2,0,0,0,0,2,0,0,0,0,0,0,0,0,0,0,0,0,0,0,0,0,0,0
20201105,19:49:09.001,2,0,0,0,0,2,0,0,0,0,0,0,0,0,0,0,0,0,0,0,0,0,0,0
20201105,19:49:10.001,1,1,0,0,0,0,0,0,0,0,0,0,0,0,0,0,0,0,0,0,0,0,0,0
20201105,19:49:11.001,1,0,0,0,0,1,0,0,0,0,0,0,0,0,0,0,0,0,0,0,0,0,0,0
20201105,19:49:12.001,1,0,0,0,0,1,0,0,0,0,0,0,0,0,0,0,0,0,0,0,0,0,0,0
20201105,19:49:13.001,1,1,0,0,0,1,0,0,0,0,0,0,0,0,0,0,0,0,0,0,0,0,0,0
20201105,19:49:14.001,0,1,0,0,0,0,0,0,0,0,0,0,0,0,0,0,0,0,0,0,0,0,0,0
20201105,19:49:15.001,3,4,0,0,0,0,0,0,0,0,0,0,0,0,0,0,0,0,0,0,0,0,0,0
20201105,19:49:16.001,0,1,0,0,0,0,0,0,0,0,0,0,0,0,0,0,0,0,0,0,0,0,0,0
20201105,19:49:17.001,0,1,0,0,0,0,0,0,0,0,0,0,0,0,0,0,0,0,0,0,0,0,0,0
20201105,19:49:18.001,0,1,0,0,0,0,0,0,0,0,0,0,0,0,0,0,0,0,0,0,0,0,0,0
20201105,19:49:19.001,2,4,1,1,0,0,0,0,0,0,0,0,0,0,0,0,0,0,0,0,2,0,0,2
20201105,19:49:20.001,1,2,0,0,0,0,0,0,0,0,0,0,0,0,0,0,0,0,0,0,1,0,0,1
20201105,19:49:21.001,3,3,0,1,0,0,0,0,0,0,0,0,0,0,0,0,0,0,0,0,0,0,0,0
20201105,19:49:22.001,3,4,1,1,0,1,0,0,0,0,0,0,0,0,0,0,0,0,0,0,1,0,0,2
20201105,19:49:23.001,1,0,0,0,0,1,0,0,0,0,0,0,0,0,0,0,0,0,0,0,0,0,0,0
20201105,19:49:24.001,1,0,0,0,0,1,0,0,0,0,0,0,0,0,0,0,0,0,0,0,0,0,0,0
20201105,19:49:25.001,1,0,0,0,0,1,0,0,0,0,0,0,0,0,0,0,0,0,0,0,0,0,0,0
20201105,19:49:26.001,5,8,1,6,0,1,0,0,0,0,0,0,0,0,0,0,0,0,0,1,0,1,0,2
20201105,19:49:27.001,2,1,0,0,0,1,0,0,0,0,0,0,0,0,0,0,0,0,0,0,0,0,0,0
20201105,19:49:28.001,9080,394067,716,584109,0,0,0,0,0,0,0,0,0,0,0,0,0,0,0,544,0,1,0,545
20201105,19:49:29.001,1,1,0,0,0,0,0,0,0,0,0,0,0,0,0,0,0,0,0,0,0,0,0,0
20201105,19:49:30.001,7529,471981,629,699655,0,0,0,0,0,0,0,0,0,0,0,0,0,0,0,653,0,0,0,653
20201105,19:49:31.001,24468,1518660,2041,2251299,0,0,0,0,0,0,0,0,0,0,0,0,0,0,0,2097,0,0,0,2098
20201105,19:49:32.001,21760,1517295,1856,2249262,0,0,0,0,0,0,0,0,0,0,0,0,0,0,0,2093,0,0,0,2095
20201105,19:49:33.001,18132,1261708,1545,1870400,0,0,0,0,0,0,0,0,0,0,0,0,0,0,0,1741,0,0,0,1742
20201105,19:49:34.001,27534,1478479,2518,2191460,0,0,0,0,0,0,0,0,0,0,0,0,0,0,0,3583,0,0,0,3606
20201105,19:49:35.001,27463,1484196,2509,2199942,0,0,0,0,0,0,0,0,0,0,0,0,0,0,0,3573,0,0,0,3597
20201105,19:49:36.001,23961,1282345,2183,1900663,0,0,0,0,0,0,0,0,0,0,0,0,0,0,0,3079,0,1,0,3095
20201105,19:49:37.001,34658,1299254,3444,1921741,0,0,0,0,0,0,0,0,0,0,0,0,0,0,0,6086,0,0,0,6115
20201105,19:49:38.001,40134,1032993,4723,1518315,0,0,0,0,0,0,0,0,0,0,0,0,0,0,0,11169,0,2,0,11231
20201105,19:49:39.001,43565,1063654,4988,1562853,0,0,0,0,0,0,0,0,0,0,0,0,0,0,0,11376,0,1,0,11437
20201105,19:49:40.001,42972,995769,5024,1461033,0,0,0,0,0,0,0,0,0,0,0,0,0,0,0,11781,0,2,0,11863
20201105,19:49:41.001,2248,54636,280,80056,0,0,0,0,0,0,0,0,0,0,0,0,0,0,0,742,0,1,0,751
20201105,19:49:42.001,0,0,0,0,0,0,0,0,0,0,0,0,0,0,0,0,0,0,0,0,0,0,0,0
20201105,19:49:43.001,0,0,0,0,0,0,0,0,0,0,0,0,0,0,0,0,0,0,0,0,0,0,0,0
20201105,19:49:44.001,0,0,0,0,0,0,0,0,0,0,0,0,0,0,0,0,0,0,0,0,0,0,0,0
20201105,19:49:45.001,3,3,0,0,0,0,0,0,0,0,0,0,0,0,0,0,0,0,0,0,0,0,0,0
20201105,19:49:46.001,1,0,0,0,0,1,0,0,0,0,0,0,0,0,0,0,0,0,0,0,0,0,0,0
20201105,19:49:47.001,1,0,0,0,0,1,0,0,0,0,0,0,0,0,0,0,0,0,0,0,0,0,0,0
20201105,19:49:48.001,7,7,1,1,0,0,0,0,0,0,0,0,0,0,0,0,0,0,0,0,0,0,0,0
20201105,19:49:49.001,1,0,0,0,0,1,0,0,0,0,0,0,0,0,0,0,0,0,0,0,0,0,0,0
20201105,19:49:50.001,1,0,0,0,0,1,0,0,0,0,0,0,0,0,0,0,0,0,0,0,0,0,0,0
20201105,19:49:51.001,4,3,0,0,0,1,0,0,0,0,0,0,0,0,0,0,0,0,0,0,0,0,0,0
20201105,19:49:52.001,1,0,0,0,0,1,0,0,0,0,0,0,0,0,0,0,0,0,0,0,0,0,0,0
20201105,19:49:53.001,1,1,0,0,0,0,0,0,0,0,0,0,0,0,0,0,0,0,0,0,0,0,0,0
20201105,19:49:54.001,0,0,0,0,0,0,0,0,0,0,0,0,0,0,0,0,0,0,0,0,0,0,0,0
20201105,19:49:55.001,1,0,0,0,0,1,0,0,0,0,0,0,0,0,0,0,0,0,0,0,0,0,0,0
20201105,19:49:56.001,8,11,1,6,0,1,0,0,0,0,0,0,0,0,0,0,0,0,0,1,0,1,0,3
20201105,19:49:57.001,2,1,0,0,0,1,0,0,0,0,0,0,0,0,0,0,0,0,0,0,0,0,0,0
20201105,19:49:58.001,2,0,0,0,0,2,0,0,0,0,0,0,0,0,0,0,0,0,0,0,0,0,0,0
20201105,19:49:59.001,2,0,0,0,0,2,0,0,0,0,0,0,0,0,0,0,0,0,0,0,0,0,0,0
20201105,19:50:00.001,6,4,0,0,0,2,0,0,0,0,0,0,0,0,0,0,0,0,0,0,0,0,0,0
20201105,19:50:01.001,1,0,0,0,0,1,0,0,0,0,0,0,0,0,0,0,0,0,0,0,0,0,0,0
20201105,19:50:02.001,1,0,0,0,0,1,0,0,0,0,0,0,0,0,0,0,0,0,0,0,0,0,0,0
20201105,19:50:03.001,1,0,0,0,0,1,0,0,0,0,0,0,0,0,0,0,0,0,0,0,0,0,0,0
20201105,19:50:04.001,2,2,0,0,0,0,0,0,0,0,0,0,0,0,0,0,0,0,0,0,0,0,0,0
20201105,19:50:05.001,8,8,1,0,0,0,0,0,0,0,0,0,0,0,0,0,0,0,0,0,0,0,0,0
20201105,19:50:06.001,2,2,0,0,0,0,0,0,0,0,0,0,0,0,0,0,0,0,0,0,0,0,0,0
20201105,19:50:07.001,0,0,0,0,0,0,0,0,0,0,0,0,0,0,0,0,0,0,0,0,0,0,0,0
20201105,19:50:08.001,0,0,0,0,0,0,0,0,0,0,0,0,0,0,0,0,0,0,0,0,0,0,0,0
20201105,19:50:09.001,0,0,0,0,0,0,0,0,0,0,0,0,0,0,0,0,0,0,0,0,0,0,0,0
20201105,19:50:10.001,1,1,0,0,0,0,0,0,0,0,0,0,0,0,0,0,0,0,0,0,0,0,0,0
20201105,19:50:11.001,1,1,0,1,0,0,0,0,0,0,0,0,0,0,0,0,0,0,0,0,0,0,0,0
20201105,19:50:12.001,0,0,0,0,0,0,0,0,0,0,0,0,0,0,0,0,0,0,0,0,0,0,0,0
20201105,19:50:13.001,0,0,0,0,0,0,0,0,0,0,0,0,0,0,0,0,0,0,0,0,0,0,0,0
20201105,19:50:14.001,2,1,0,0,0,1,0,0,0,0,0,0,0,0,0,0,0,0,0,0,0,0,0,0
20201105,19:50:15.001,4,2,0,0,0,2,0,0,0,0,0,0,0,0,0,0,0,0,0,0,0,0,0,0
20201105,19:50:16.001,2,0,0,0,0,2,0,0,0,0,0,0,0,0,0,0,0,0,0,0,0,0,0,0
20201105,19:50:17.001,2,0,0,0,0,2,0,0,0,0,0,0,0,0,0,0,0,0,0,0,0,0,0,0
20201105,19:50:18.001,2,0,0,0,0,2,0,0,0,0,0,0,0,0,0,0,0,0,0,0,0,0,0,0
20201105,19:50:19.001,4,4,1,1,0,2,0,0,0,0,0,0,0,0,0,0,0,0,0,0,2,0,0,2
20201105,19:50:20.001,2,2,0,0,0,1,0,0,0,0,0,0,0,0,0,0,0,0,0,0,1,0,0,1
20201105,19:50:21.001,2,2,0,0,0,0,0,0,0,0,0,0,0,0,0,0,0,0,0,0,0,0,0,0
20201105,19:50:22.001,0,0,0,0,0,0,0,0,0,0,0,0,0,0,0,0,0,0,0,0,0,0,0,0
20201105,19:50:23.001,1,0,0,0,0,1,0,0,0,0,0,0,0,0,0,0,0,0,0,0,0,0,0,0
20201105,19:50:24.001,1,0,0,0,0,1,0,0,0,0,0,0,0,0,0,0,0,0,0,0,0,0,0,0
20201105,19:50:25.001,1,0,0,0,0,1,0,0,0,0,0,0,0,0,0,0,0,0,0,0,0,0,0,0
20201105,19:50:26.001,1,0,0,0,0,1,0,0,0,0,0,0,0,0,0,0,0,0,0,0,0,0,0,0
20201105,19:50:27.001,5,8,1,5,0,1,0,0,0,0,0,0,0,0,0,0,0,0,0,1,0,1,0,2
20201105,19:50:28.001,1,0,0,0,0,1,0,0,0,0,0,0,0,0,0,0,0,0,0,0,0,0,0,0
20201105,19:50:29.001,0,0,0,0,0,0,0,0,0,0,0,0,0,0,0,0,0,0,0,0,0,0,0,0
20201105,19:50:30.001,4,4,0,0,0,0,0,0,0,0,0,0,0,0,0,0,0,0,0,0,0,0,0,0
20201105,19:50:31.001,3,3,1,0,0,0,0,0,0,0,0,0,0,0,0,0,0,0,0,0,0,0,0,0
20201105,19:50:32.001,1,1,0,0,0,0,0,0,0,0,0,0,0,0,0,0,0,0,0,0,0,0,0,0
20201105,19:50:33.001,7,9,1,2,0,1,0,0,0,0,0,0,0,0,0,0,0,0,0,1,1,0,0,4
