RESET
MEM comp06 1608320843 2020/12/18 14:47:23 1486479 4096 65614610 65189992 25427 27 183442 4 57224 0 6071 0 0 2097152 0 0
SEP
MEM comp06 1608320844 2020/12/18 14:47:24 1 4096 65614610 64899276 177821 27 185128 7 58524 0 6071 0 0 2097152 0 0
SEP
MEM comp06 1608320845 2020/12/18 14:47:25 1 4096 65614610 64620769 315550 27 185467 7 58868 0 6071 0 0 2097152 0 0
SEP
MEM comp06 1608320846 2020/12/18 14:47:26 1 4096 65614610 64344727 453330 27 185775 7 59172 0 6071 0 0 2097152 0 0
SEP
MEM comp06 1608320847 2020/12/18 14:47:27 1 4096 65614610 64067732 592030 27 186039 2 59452 0 6071 0 0 2097152 0 0
SEP
MEM comp06 1608320848 2020/12/18 14:47:28 1 4096 65614610 63792856 728085 27 186275 2 59684 0 6071 0 0 2097152 0 0
SEP
MEM comp06 1608320849 2020/12/18 14:47:29 1 4096 65614610 63520388 865489 27 186583 2 59996 0 6071 0 0 2097152 0 0
SEP
MEM comp06 1608320850 2020/12/18 14:47:30 1 4096 65614610 63240810 1005236 27 186895 2 60292 0 6071 0 0 2097152 0 0
SEP
MEM comp06 1608320851 2020/12/18 14:47:31 1 4096 65614610 62962688 1142942 27 187219 2 60636 0 6071 0 0 2097152 0 0
SEP
MEM comp06 1608320852 2020/12/18 14:47:32 1 4096 65614610 62689714 1279645 27 187529 2 60932 0 6071 0 0 2097152 0 0
SEP
MEM comp06 1608320853 2020/12/18 14:47:33 1 4096 65614610 62410140 1418261 27 187831 2 61244 0 6071 0 0 2097152 0 0
SEP
MEM comp06 1608320854 2020/12/18 14:47:34 1 4096 65614610 62137168 1555652 27 188145 2 61556 0 6071 0 0 2097152 0 0
SEP
MEM comp06 1608320855 2020/12/18 14:47:35 1 4096 65614610 61860117 1693830 27 188455 2 61868 0 6071 0 0 2097152 0 0
SEP
MEM comp06 1608320856 2020/12/18 14:47:36 1 4096 65614610 61584596 1831079 27 188787 2 62180 0 6071 0 0 2097152 0 0
SEP
MEM comp06 1608320857 2020/12/18 14:47:37 1 4096 65614610 61307511 1969310 27 189103 2 62508 0 6071 0 0 2097152 0 0
SEP
MEM comp06 1608320858 2020/12/18 14:47:38 1 4096 65614610 61031491 2107037 27 189403 2 62820 0 6071 0 0 2097152 0 0
SEP
MEM comp06 1608320859 2020/12/18 14:47:39 1 4096 65614610 60754884 2243762 27 189709 2 63116 0 6071 0 0 2097152 0 0
SEP
MEM comp06 1608320860 2020/12/18 14:47:40 1 4096 65614610 60480394 2381938 27 190025 2 63436 0 6071 0 0 2097152 0 0
SEP
MEM comp06 1608320861 2020/12/18 14:47:41 1 4096 65614610 60207973 2518252 27 190325 2 63732 0 6071 0 0 2097152 0 0
SEP
MEM comp06 1608320862 2020/12/18 14:47:42 1 4096 65614610 59928183 2657436 27 190671 2 64060 0 6071 0 0 2097152 0 0
SEP
MEM comp06 1608320863 2020/12/18 14:47:43 1 4096 65614610 59649706 2795678 27 190963 2 64388 0 6071 0 0 2097152 0 0
SEP
MEM comp06 1608320864 2020/12/18 14:47:44 1 4096 65614610 59375726 2933405 27 191279 2 64676 0 6071 0 0 2097152 0 0
SEP
MEM comp06 1608320865 2020/12/18 14:47:45 1 4096 65614610 59097648 3072397 27 191593 2 65004 0 6071 0 0 2097152 0 0
SEP
MEM comp06 1608320866 2020/12/18 14:47:46 1 4096 65614610 58822644 3208306 27 191905 2 65300 0 6071 0 0 2097152 0 0
SEP
MEM comp06 1608320867 2020/12/18 14:47:47 1 4096 65614610 58546077 3347101 27 192209 2 65612 0 6071 0 0 2097152 0 0
SEP
MEM comp06 1608320868 2020/12/18 14:47:48 1 4096 65614610 58272117 3483251 27 192509 2 65900 0 6071 0 0 2097152 0 0
SEP
MEM comp06 1608320869 2020/12/18 14:47:49 1 4096 65614610 57996078 3620511 27 192811 2 66220 0 6071 0 0 2097152 0 0
SEP
MEM comp06 1608320870 2020/12/18 14:47:50 1 4096 65614610 57718498 3759262 27 193137 2 66532 0 6071 0 0 2097152 0 0
SEP
MEM comp06 1608320871 2020/12/18 14:47:51 1 4096 65614610 57440936 3897918 27 193439 2 66844 0 6071 0 0 2097152 0 0
SEP
MEM comp06 1608320872 2020/12/18 14:47:52 1 4096 65614610 57168546 4034278 27 193741 2 67148 0 6071 0 0 2097152 0 0
SEP
MEM comp06 1608320873 2020/12/18 14:47:53 1 4096 65614610 56893046 4171890 27 194019 1 67420 0 6071 0 0 2097152 0 0
SEP
MEM comp06 1608320874 2020/12/18 14:47:54 1 4096 65614610 56613464 4310059 27 194323 1 67732 0 6071 0 0 2097152 0 0
SEP
MEM comp06 1608320875 2020/12/18 14:47:55 1 4096 65614610 56338446 4448390 27 194615 1 68012 0 6071 0 0 2097152 0 0
SEP
MEM comp06 1608320876 2020/12/18 14:47:56 1 4096 65614610 56061976 4585632 27 194871 1 68316 0 6071 0 0 2097152 0 0
SEP
MEM comp06 1608320877 2020/12/18 14:47:57 1 4096 65614610 55786964 4724381 27 195187 1 68644 0 6071 0 0 2097152 0 0
SEP
MEM comp06 1608320878 2020/12/18 14:47:58 1 4096 65614610 55509396 4862068 27 195493 2 68948 0 6071 0 0 2097152 0 0
SEP
MEM comp06 1608320879 2020/12/18 14:47:59 1 4096 65614610 55233907 4999244 27 195791 2 69236 0 6071 0 0 2097152 0 0
SEP
MEM comp06 1608320880 2020/12/18 14:48:00 1 4096 65614610 54961508 5136031 27 196073 2 69516 0 6071 0 0 2097152 0 0
SEP
MEM comp06 1608320881 2020/12/18 14:48:01 1 4096 65614610 54680353 5274786 27 196387 2 69836 0 6071 0 0 2097152 0 0
SEP
MEM comp06 1608320882 2020/12/18 14:48:02 1 4096 65614610 54404323 5412418 27 196661 2 70124 0 6071 0 0 2097152 0 0
SEP
MEM comp06 1608320883 2020/12/18 14:48:03 1 4096 65614610 54132883 5548703 27 197007 2 70452 0 6071 0 0 2097152 0 0
SEP
MEM comp06 1608320884 2020/12/18 14:48:04 1 4096 65614610 53855848 5686432 27 197307 2 70756 0 6071 0 0 2097152 0 0
SEP
MEM comp06 1608320885 2020/12/18 14:48:05 1 4096 65614610 53577761 5825696 27 197623 2 71084 0 6071 0 0 2097152 0 0
SEP
MEM comp06 1608320886 2020/12/18 14:48:06 1 4096 65614610 53300705 5963381 27 197929 2 71380 0 6071 0 0 2097152 0 0
SEP
MEM comp06 1608320887 2020/12/18 14:48:07 1 4096 65614610 53026890 6100699 27 198219 2 71684 0 6071 0 0 2097152 0 0
SEP
MEM comp06 1608320888 2020/12/18 14:48:08 1 4096 65614610 52750663 6238879 27 198573 2 72020 0 6071 0 0 2097152 0 0
SEP
MEM comp06 1608320889 2020/12/18 14:48:09 1 4096 65614610 52473586 6376608 27 198897 2 72324 0 6071 0 0 2097152 0 0
SEP
MEM comp06 1608320890 2020/12/18 14:48:10 1 4096 65614610 52199585 6514335 27 199236 2 72644 0 6071 0 0 2097152 0 0
SEP
MEM comp06 1608320891 2020/12/18 14:48:11 1 4096 65614610 51922050 6652575 27 199538 2 72948 0 6071 0 0 2097152 0 0
SEP
MEM comp06 1608320892 2020/12/18 14:48:12 1 4096 65614610 51645050 6790437 27 199812 2 73220 0 6071 0 0 2097152 0 0
SEP
MEM comp06 1608320893 2020/12/18 14:48:13 1 4096 65614610 51368462 6928544 27 200144 2 73556 0 6071 0 0 2097152 0 0
SEP
MEM comp06 1608320894 2020/12/18 14:48:14 1 4096 65614610 51093455 7065203 27 200452 2 73868 0 6071 0 0 2097152 0 0
SEP
MEM comp06 1608320895 2020/12/18 14:48:15 1 4096 65614610 50816382 7204000 27 200772 2 74188 0 6071 0 0 2097152 0 0
SEP
MEM comp06 1608320896 2020/12/18 14:48:16 1 4096 65614610 50541902 7341727 27 201082 2 74500 0 6071 0 0 2097152 0 0
SEP
MEM comp06 1608320897 2020/12/18 14:48:17 1 4096 65614610 50264332 7479456 27 201398 2 74828 0 6071 0 0 2097152 0 0
SEP
MEM comp06 1608320898 2020/12/18 14:48:18 1 4096 65614610 49987273 7617141 27 201700 2 75108 0 6071 0 0 2097152 0 0
SEP
MEM comp06 1608320899 2020/12/18 14:48:19 1 4096 65614610 49714377 7751597 27 201998 2 75420 0 6071 0 0 2097152 0 0
SEP
MEM comp06 1608320900 2020/12/18 14:48:20 1 4096 65614610 49447901 7881685 27 202322 2 75732 0 6071 0 0 2097152 0 0
SEP
MEM comp06 1608320901 2020/12/18 14:48:21 1 4096 65614610 49184152 8010448 27 202618 2 76028 0 6071 0 0 2097152 0 0
SEP
MEM comp06 1608320902 2020/12/18 14:48:22 1 4096 65614610 49042283 8080341 27 202770 2 76188 0 6071 0 0 2097152 0 0
SEP
MEM comp06 1608320903 2020/12/18 14:48:23 1 4096 65614610 49041786 8080341 27 202774 2 76188 0 6071 0 0 2097152 0 0
SEP
MEM comp06 1608320904 2020/12/18 14:48:24 1 4096 65614610 48911703 8210061 27 203030 129656 76446 0 6071 0 0 2097152 0 0
SEP
MEM comp06 1608320905 2020/12/18 14:48:25 1 4096 65614610 45885138 11230153 27 209616 3149346 83042 0 6071 0 0 2097152 0 0
SEP
MEM comp06 1608320906 2020/12/18 14:48:26 1 4096 65614610 45426554 14466464 27 217047 6349508 90370 0 6071 0 0 2097152 0 0
SEP
MEM comp06 1608320907 2020/12/18 14:48:27 1 4096 65614610 42351139 15078972 27 218661 6837254 91988 0 6071 0 0 2097152 0 0
SEP
MEM comp06 1608320908 2020/12/18 14:48:28 1 4096 65614610 41436018 16070479 27 220919 7702287 94276 0 6071 0 0 2097152 0 0
SEP
MEM comp06 1608320909 2020/12/18 14:48:29 1 4096 65614610 41093273 16136983 27 221167 7643560 94500 0 6071 0 0 2097152 0 0
SEP
MEM comp06 1608320910 2020/12/18 14:48:30 1 4096 65614610 40966793 16136983 27 221199 7520066 94500 0 6071 0 0 2097152 0 0
SEP
MEM comp06 1608320911 2020/12/18 14:48:31 1 4096 65614610 40966817 16136984 27 221175 7393627 94500 0 6071 0 0 2097152 0 0
SEP
MEM comp06 1608320912 2020/12/18 14:48:32 1 4096 65614610 39284097 17815891 27 224683 8947140 98054 0 6071 0 0 2097152 0 0
SEP
MEM comp06 1608320913 2020/12/18 14:48:33 1 4096 65614610 37822412 21906227 27 233899 12910838 107254 0 6071 0 0 2097152 0 0
SEP
MEM comp06 1608320914 2020/12/18 14:48:34 1 4096 65614610 35048789 23058197 27 236917 13936525 110168 0 6071 0 0 2097152 0 0
SEP
MEM comp06 1608320915 2020/12/18 14:48:35 1 4096 65614610 33479532 24052739 27 239023 14805429 112272 0 6071 0 0 2097152 0 0
SEP
MEM comp06 1608320916 2020/12/18 14:48:36 1 4096 65614610 33022236 24193626 27 239501 14819988 112752 0 6071 0 0 2097152 0 0
SEP
MEM comp06 1608320917 2020/12/18 14:48:37 1 4096 65614610 32891809 24193626 27 239495 14695060 112752 0 6071 0 0 2097152 0 0
SEP
MEM comp06 1608320918 2020/12/18 14:48:38 1 4096 65614610 32891802 24193626 27 239503 14569092 112752 0 6071 0 0 2097152 0 0
SEP
MEM comp06 1608320919 2020/12/18 14:48:39 1 4096 65614610 31806114 25276909 27 241631 15525855 114864 0 6071 0 0 2097152 0 0
SEP
MEM comp06 1608320920 2020/12/18 14:48:40 1 4096 65614610 30095056 27716862 27 247387 17835924 120634 0 6071 0 0 2097152 0 0
SEP
MEM comp06 1608320921 2020/12/18 14:48:41 1 4096 65614610 29783662 28759405 27 249789 18755463 123010 0 6071 0 0 2097152 0 0
SEP
MEM comp06 1608320922 2020/12/18 14:48:42 1 4096 65614610 29124419 29417174 27 251273 19286354 124506 0 6071 0 0 2097152 0 0
SEP
MEM comp06 1608320923 2020/12/18 14:48:43 1 4096 65614610 28791044 29749808 27 252029 19492532 125250 0 6071 0 0 2097152 0 0
SEP
MEM comp06 1608320924 2020/12/18 14:48:44 1 4096 65614610 28618622 29921818 27 252433 19539083 125650 0 6071 0 0 2097152 0 0
SEP
MEM comp06 1608320925 2020/12/18 14:48:45 1 4096 65614610 28507171 30033005 27 252703 19526941 125898 0 6071 0 0 2097152 0 0
SEP
MEM comp06 1608320926 2020/12/18 14:48:46 1 4096 65614610 28412402 30127578 27 252943 19493844 126114 0 6071 0 0 2097152 0 0
SEP
MEM comp06 1608320927 2020/12/18 14:48:47 1 4096 65614610 29034994 30238628 27 253189 19478542 126370 0 6071 0 0 2097152 0 0
SEP
MEM comp06 1608320928 2020/12/18 14:48:48 1 4096 65614610 29646438 30360629 27 253633 19479647 126634 0 6071 0 0 2097152 0 0
SEP
MEM comp06 1608320929 2020/12/18 14:48:49 1 4096 65614610 30242693 30497952 27 253927 19490505 126954 0 6071 0 0 2097152 0 0
SEP
MEM comp06 1608320930 2020/12/18 14:48:50 1 4096 65614610 30097236 30643132 27 254253 19509734 127290 0 6071 0 0 2097152 0 0
SEP
MEM comp06 1608320931 2020/12/18 14:48:51 1 4096 65614610 29953936 30786248 27 254585 19527287 127610 0 6071 0 0 2097152 0 0
SEP
MEM comp06 1608320932 2020/12/18 14:48:52 1 4096 65614610 29813309 30926548 27 254897 19540098 127922 0 6071 0 0 2097152 0 0
SEP
MEM comp06 1608320933 2020/12/18 14:48:53 1 4096 65614610 29674175 31065252 27 255215 19553486 128250 0 6071 0 0 2097152 0 0
SEP
MEM comp06 1608320934 2020/12/18 14:48:54 1 4096 65614610 29538001 31201326 27 255499 19564523 128530 0 6071 0 0 2097152 0 0
SEP
MEM comp06 1608320935 2020/12/18 14:48:55 1 4096 65614610 29401812 31337060 27 255799 19576976 128858 0 6071 0 0 2097152 0 0
SEP
MEM comp06 1608320936 2020/12/18 14:48:56 1 4096 65614610 30002559 31469971 27 256101 19583421 129170 0 6071 0 0 2097152 0 0
SEP
MEM comp06 1608320937 2020/12/18 14:48:57 1 4096 65614610 30600451 31605847 27 256239 19592895 129426 0 6071 0 0 2097152 0 0
SEP
MEM comp06 1608320938 2020/12/18 14:48:58 1 4096 65614610 31944795 31728990 27 256625 19591566 129690 0 6071 0 0 2097152 0 0
SEP
MEM comp06 1608320939 2020/12/18 14:48:59 1 4096 65614610 31796030 31877532 27 256983 19613580 130034 0 6071 0 0 2097152 0 0
SEP
MEM comp06 1608320940 2020/12/18 14:49:00 1 4096 65614610 31614319 32058762 27 257376 19668535 130452 0 6071 0 0 2097152 0 0
SEP
MEM comp06 1608320941 2020/12/18 14:49:01 1 4096 65614610 32183989 32222739 27 257646 19711106 130812 0 6071 0 0 2097152 0 0
SEP
