RESET
MEM comp06 1608321071 2020/12/18 14:51:11 1486707 4096 65614610 65186782 26361 27 185500 2 58301 0 6079 0 0 2097152 0 0
SEP
MEM comp06 1608321072 2020/12/18 14:51:12 1 4096 65614610 64896161 179362 27 187121 6 59533 0 6079 0 0 2097152 0 0
SEP
MEM comp06 1608321073 2020/12/18 14:51:13 1 4096 65614610 64618795 317604 27 187051 6 59706 0 6079 0 0 2097152 0 0
SEP
MEM comp06 1608321074 2020/12/18 14:51:14 1 4096 65614610 64343456 455247 27 187355 2 60002 0 6079 0 0 2097152 0 0
SEP
MEM comp06 1608321075 2020/12/18 14:51:15 1 4096 65614610 64073116 591435 27 187615 2 60266 0 6079 0 0 2097152 0 0
SEP
MEM comp06 1608321076 2020/12/18 14:51:16 1 4096 65614610 63791495 730785 27 187923 2 60562 0 6079 0 0 2097152 0 0
SEP
MEM comp06 1608321077 2020/12/18 14:51:17 1 4096 65614610 63516074 869538 27 188183 2 60842 0 6079 0 0 2097152 0 0
SEP
MEM comp06 1608321078 2020/12/18 14:51:18 1 4096 65614610 63242605 1005646 27 188497 2 61146 0 6079 0 0 2097152 0 0
SEP
MEM comp06 1608321079 2020/12/18 14:51:19 1 4096 65614610 62966648 1142946 27 188755 2 61410 0 6079 0 0 2097152 0 0
SEP
MEM comp06 1608321080 2020/12/18 14:51:20 1 4096 65614610 62686050 1282723 27 189075 2 61714 0 6079 0 0 2097152 0 0
SEP
MEM comp06 1608321081 2020/12/18 14:51:21 1 4096 65614610 62412154 1418404 27 189353 2 61994 0 6079 0 0 2097152 0 0
SEP
MEM comp06 1608321082 2020/12/18 14:51:22 1 4096 65614610 62132092 1556648 27 189619 2 62274 0 6079 0 0 2097152 0 0
SEP
MEM comp06 1608321083 2020/12/18 14:51:23 1 4096 65614610 61860634 1693347 27 189847 2 62498 0 6079 0 0 2097152 0 0
SEP
MEM comp06 1608321084 2020/12/18 14:51:24 1 4096 65614610 61585834 1831587 27 190107 2 62762 0 6079 0 0 2097152 0 0
SEP
MEM comp06 1608321085 2020/12/18 14:51:25 1 4096 65614610 61309238 1970849 27 190405 2 63042 0 6079 0 0 2097152 0 0
SEP
MEM comp06 1608321086 2020/12/18 14:51:26 1 4096 65614610 61035840 2107041 27 190669 2 63306 0 6079 0 0 2097152 0 0
SEP
MEM comp06 1608321087 2020/12/18 14:51:27 1 4096 65614610 60756318 2247245 27 190923 2 63586 0 6079 0 0 2097152 0 0
SEP
MEM comp06 1608321088 2020/12/18 14:51:28 1 4096 65614610 60481899 2383081 27 191209 2 63882 0 6079 0 0 2097152 0 0
SEP
MEM comp06 1608321089 2020/12/18 14:51:29 1 4096 65614610 60205320 2520706 27 191509 2 64178 0 6079 0 0 2097152 0 0
SEP
MEM comp06 1608321090 2020/12/18 14:51:30 1 4096 65614610 59930857 2657444 27 191823 2 64490 0 6079 0 0 2097152 0 0
SEP
MEM comp06 1608321091 2020/12/18 14:51:31 1 4096 65614610 59656430 2795189 27 192085 2 64786 0 6079 0 0 2097152 0 0
SEP
MEM comp06 1608321092 2020/12/18 14:51:32 1 4096 65614610 59376223 2934435 27 192448 2 65130 0 6079 0 0 2097152 0 0
SEP
MEM comp06 1608321093 2020/12/18 14:51:33 1 4096 65614610 59103341 3070647 27 192736 2 65418 0 6079 0 0 2097152 0 0
SEP
MEM comp06 1608321094 2020/12/18 14:51:34 1 4096 65614610 58825222 3209891 27 193084 2 65754 0 6079 0 0 2097152 0 0
SEP
MEM comp06 1608321095 2020/12/18 14:51:35 1 4096 65614610 58552275 3345570 27 193370 2 66050 0 6079 0 0 2097152 0 0
SEP
MEM comp06 1608321096 2020/12/18 14:51:36 1 4096 65614610 58270111 3485860 27 193678 2 66362 0 6079 0 0 2097152 0 0
SEP
MEM comp06 1608321097 2020/12/18 14:51:37 1 4096 65614610 57996130 3621030 27 194006 2 66674 0 6079 0 0 2097152 0 0
SEP
MEM comp06 1608321098 2020/12/18 14:51:38 1 4096 65614610 57720600 3760856 27 194318 2 66994 0 6079 0 0 2097152 0 0
SEP
MEM comp06 1608321099 2020/12/18 14:51:39 1 4096 65614610 57446638 3897524 27 194630 2 67298 0 6079 0 0 2097152 0 0
SEP
MEM comp06 1608321100 2020/12/18 14:51:40 1 4096 65614610 57164469 4036774 27 194902 1 67578 0 6079 0 0 2097152 0 0
SEP
MEM comp06 1608321101 2020/12/18 14:51:41 1 4096 65614610 56890504 4173477 27 195200 1 67874 0 6079 0 0 2097152 0 0
SEP
MEM comp06 1608321102 2020/12/18 14:51:42 1 4096 65614610 56613970 4311224 27 195516 1 68194 0 6079 0 0 2097152 0 0
SEP
MEM comp06 1608321103 2020/12/18 14:51:43 1 4096 65614610 56341023 4449442 27 195822 1 68506 0 6079 0 0 2097152 0 0
SEP
MEM comp06 1608321104 2020/12/18 14:51:44 1 4096 65614610 56063920 4586660 27 196162 1 68826 0 6079 0 0 2097152 0 0
SEP
MEM comp06 1608321105 2020/12/18 14:51:45 1 4096 65614610 55789959 4724898 27 196454 1 69138 0 6079 0 0 2097152 0 0
SEP
MEM comp06 1608321106 2020/12/18 14:51:46 1 4096 65614610 55509327 4862681 27 196778 2 69458 0 6079 0 0 2097152 0 0
SEP
MEM comp06 1608321107 2020/12/18 14:51:47 1 4096 65614610 55238948 5000864 27 197086 2 69770 0 6079 0 0 2097152 0 0
SEP
MEM comp06 1608321108 2020/12/18 14:51:48 1 4096 65614610 54964482 5137485 27 197382 2 70066 0 6079 0 0 2097152 0 0
SEP
MEM comp06 1608321109 2020/12/18 14:51:49 1 4096 65614610 54685425 5275725 27 197652 2 70330 0 6079 0 0 2097152 0 0
SEP
MEM comp06 1608321110 2020/12/18 14:51:50 1 4096 65614610 54406348 5413967 27 197934 2 70618 0 6079 0 0 2097152 0 0
SEP
MEM comp06 1608321111 2020/12/18 14:51:51 1 4096 65614610 54128819 5551322 27 198232 2 70922 0 6079 0 0 2097152 0 0
SEP
MEM comp06 1608321112 2020/12/18 14:51:52 1 4096 65614610 53854303 5690498 27 198556 2 71234 0 6079 0 0 2097152 0 0
SEP
MEM comp06 1608321113 2020/12/18 14:51:53 1 4096 65614610 53578774 5826641 27 198866 2 71562 0 6079 0 0 2097152 0 0
SEP
MEM comp06 1608321114 2020/12/18 14:51:54 1 4096 65614610 53304860 5963855 27 199144 2 71842 0 6079 0 0 2097152 0 0
SEP
MEM comp06 1608321115 2020/12/18 14:51:55 1 4096 65614610 53024203 6103205 27 199458 2 72138 0 6079 0 0 2097152 0 0
SEP
MEM comp06 1608321116 2020/12/18 14:51:56 1 4096 65614610 52752272 6240386 27 199746 2 72418 0 6079 0 0 2097152 0 0
SEP
MEM comp06 1608321117 2020/12/18 14:51:57 1 4096 65614610 52472655 6378150 27 200042 2 72738 0 6079 0 0 2097152 0 0
SEP
MEM comp06 1608321118 2020/12/18 14:51:58 1 4096 65614610 52195077 6515879 27 200366 2 73042 0 6079 0 0 2097152 0 0
SEP
MEM comp06 1608321119 2020/12/18 14:51:59 1 4096 65614610 51924714 6653518 27 200644 2 73338 0 6079 0 0 2097152 0 0
SEP
MEM comp06 1608321120 2020/12/18 14:52:00 1 4096 65614610 51649195 6791840 27 200962 2 73650 0 6079 0 0 2097152 0 0
SEP
MEM comp06 1608321121 2020/12/18 14:52:01 1 4096 65614610 51374181 6928545 27 201292 2 73978 0 6079 0 0 2097152 0 0
SEP
MEM comp06 1608321122 2020/12/18 14:52:02 1 4096 65614610 51095064 7066276 27 201586 2 74274 0 6079 0 0 2097152 0 0
SEP
MEM comp06 1608321123 2020/12/18 14:52:03 1 4096 65614610 50821114 7204052 27 201904 2 74578 0 6079 0 0 2097152 0 0
SEP
MEM comp06 1608321124 2020/12/18 14:52:04 1 4096 65614610 50537391 7342727 27 202212 2 74882 0 6079 0 0 2097152 0 0
SEP
MEM comp06 1608321125 2020/12/18 14:52:05 1 4096 65614610 50272102 7477922 27 202510 2 75186 0 6079 0 0 2097152 0 0
SEP
MEM comp06 1608321126 2020/12/18 14:52:06 1 4096 65614610 49987918 7616865 27 202818 2 75490 0 6079 0 0 2097152 0 0
SEP
MEM comp06 1608321127 2020/12/18 14:52:07 1 4096 65614610 49715997 7754455 27 203092 2 75778 0 6079 0 0 2097152 0 0
SEP
MEM comp06 1608321128 2020/12/18 14:52:08 1 4096 65614610 49444079 7891105 27 203396 2 76074 0 6079 0 0 2097152 0 0
SEP
MEM comp06 1608321129 2020/12/18 14:52:09 1 4096 65614610 49161915 8029351 27 203668 2 76362 0 6079 0 0 2097152 0 0
SEP
MEM comp06 1608321130 2020/12/18 14:52:10 1 4096 65614610 48881831 8169460 27 203990 2 76674 0 6079 0 0 2097152 0 0
SEP
MEM comp06 1608321131 2020/12/18 14:52:11 1 4096 65614610 48612942 8304294 27 204296 2 76994 0 6079 0 0 2097152 0 0
SEP
MEM comp06 1608321132 2020/12/18 14:52:12 1 4096 65614610 48336366 8443043 27 204606 2 77298 0 6079 0 0 2097152 0 0
SEP
MEM comp06 1608321133 2020/12/18 14:52:13 1 4096 65614610 48062453 8580927 27 204910 2 77602 0 6079 0 0 2097152 0 0
SEP
MEM comp06 1608321134 2020/12/18 14:52:14 1 4096 65614610 47780291 8719839 27 205222 2 77914 0 6079 0 0 2097152 0 0
SEP
MEM comp06 1608321135 2020/12/18 14:52:15 1 4096 65614610 47507294 8857252 27 205542 0 78226 0 6079 0 0 2097152 0 0
SEP
MEM comp06 1608321136 2020/12/18 14:52:16 1 4096 65614610 47233304 8994977 27 205858 1 78538 0 6079 0 0 2097152 0 0
SEP
MEM comp06 1608321137 2020/12/18 14:52:17 1 4096 65614610 46950146 9132460 27 206140 1 78842 0 6079 0 0 2097152 0 0
SEP
MEM comp06 1608321138 2020/12/18 14:52:18 1 4096 65614610 46675605 9270866 27 206498 1 79170 0 6079 0 0 2097152 0 0
SEP
MEM comp06 1608321139 2020/12/18 14:52:19 1 4096 65614610 46400685 9406941 27 206770 1 79450 0 6079 0 0 2097152 0 0
SEP
MEM comp06 1608321140 2020/12/18 14:52:20 1 4096 65614610 46125092 9546405 27 207102 2 79786 0 6079 0 0 2097152 0 0
SEP
MEM comp06 1608321141 2020/12/18 14:52:21 1 4096 65614610 45849575 9684132 27 207404 2 80098 0 6079 0 0 2097152 0 0
SEP
MEM comp06 1608321142 2020/12/18 14:52:22 1 4096 65614610 45573520 9819815 27 207732 2 80402 0 6079 0 0 2097152 0 0
SEP
MEM comp06 1608321143 2020/12/18 14:52:23 1 4096 65614610 45300058 9959128 27 208034 2 80722 0 6079 0 0 2097152 0 0
SEP
MEM comp06 1608321144 2020/12/18 14:52:24 1 4096 65614610 45023991 10095269 27 208374 2 81058 0 6079 0 0 2097152 0 0
SEP
MEM comp06 1608321145 2020/12/18 14:52:25 1 4096 65614610 44750564 10231461 27 208632 2 81338 0 6079 0 0 2097152 0 0
SEP
MEM comp06 1608321146 2020/12/18 14:52:26 1 4096 65614610 44470942 10372260 27 208956 2 81674 0 6079 0 0 2097152 0 0
SEP
MEM comp06 1608321147 2020/12/18 14:52:27 1 4096 65614610 44191830 10509480 27 209266 2 81970 0 6079 0 0 2097152 0 0
SEP
MEM comp06 1608321148 2020/12/18 14:52:28 1 4096 65614610 43921432 10647119 27 209572 2 82266 0 6079 0 0 2097152 0 0
SEP
MEM comp06 1608321149 2020/12/18 14:52:29 1 4096 65614610 43645913 10783908 27 209876 2 82578 0 6079 0 0 2097152 0 0
SEP
MEM comp06 1608321150 2020/12/18 14:52:30 1 4096 65614610 43367318 10922659 27 210186 2 82890 0 6079 0 0 2097152 0 0
SEP
MEM comp06 1608321151 2020/12/18 14:52:31 1 4096 65614610 43088704 11061414 27 210498 2 83210 0 6079 0 0 2097152 0 0
SEP
MEM comp06 1608321152 2020/12/18 14:52:32 1 4096 65614610 42813273 11199108 27 210756 2 83450 0 6079 0 0 2097152 0 0
SEP
MEM comp06 1608321153 2020/12/18 14:52:33 1 4096 65614610 42538328 11334933 27 211036 2 83754 0 6079 0 0 2097152 0 0
SEP
MEM comp06 1608321154 2020/12/18 14:52:34 1 4096 65614610 42263685 11470526 27 211358 2 84058 0 6079 0 0 2097152 0 0
SEP
MEM comp06 1608321155 2020/12/18 14:52:35 1 4096 65614610 42000757 11594470 27 211638 2 84338 0 6079 0 0 2097152 0 0
SEP
MEM comp06 1608321156 2020/12/18 14:52:36 1 4096 65614610 41737748 11724779 27 211932 2 84634 0 6079 0 0 2097152 0 0
SEP
MEM comp06 1608321157 2020/12/18 14:52:37 1 4096 65614610 41701257 11742448 27 211968 2 84674 0 6079 0 0 2097152 0 0
SEP
MEM comp06 1608321158 2020/12/18 14:52:38 1 4096 65614610 41096702 12345709 27 213230 603115 85938 0 6079 0 0 2097152 0 0
SEP
MEM comp06 1608321159 2020/12/18 14:52:39 1 4096 65614610 40617513 13870630 27 216484 2128080 89202 0 6079 0 0 2097152 0 0
SEP
MEM comp06 1608321160 2020/12/18 14:52:40 1 4096 65614610 37235847 17290262 27 224156 5542978 96874 0 6079 0 0 2097152 0 0
SEP
MEM comp06 1608321161 2020/12/18 14:52:41 1 4096 65614610 34002241 21216479 27 233022 9342366 105698 0 6079 0 0 2097152 0 0
SEP
MEM comp06 1608321162 2020/12/18 14:52:42 1 4096 65614610 31814331 22958028 27 237392 10959696 110066 0 6079 0 0 2097152 0 0
SEP
MEM comp06 1608321163 2020/12/18 14:52:43 1 4096 65614610 30516046 23461200 27 238593 11336486 111274 0 6079 0 0 2097152 0 0
SEP
MEM comp06 1608321164 2020/12/18 14:52:44 1 4096 65614610 29955513 23461200 27 238595 11211944 111276 0 6079 0 0 2097152 0 0
SEP
MEM comp06 1608321165 2020/12/18 14:52:45 1 4096 65614610 29891227 23524744 27 238743 11150520 111404 0 6079 0 0 2097152 0 0
SEP
MEM comp06 1608321166 2020/12/18 14:52:46 1 4096 65614610 28808028 24605918 27 241193 12105363 113852 0 6079 0 0 2097152 0 0
SEP
MEM comp06 1608321167 2020/12/18 14:52:47 1 4096 65614610 27133999 26680089 27 245712 14053885 118324 0 6079 0 0 2097152 0 0
SEP
MEM comp06 1608321168 2020/12/18 14:52:48 1 4096 65614610 25128436 29842758 27 252952 17089176 125572 0 6079 0 0 2097152 0 0
SEP
MEM comp06 1608321169 2020/12/18 14:52:49 1 4096 65614610 22357678 31181534 27 256075 18301188 128700 0 6079 0 0 2097152 0 0
SEP
MEM comp06 1608321170 2020/12/18 14:52:50 1 4096 65614610 22439485 31819684 27 257477 18813184 130092 0 6079 0 0 2097152 0 0
SEP
MEM comp06 1608321171 2020/12/18 14:52:51 1 4096 65614610 21294874 32102271 27 258157 18968100 130772 0 6079 0 0 2097152 0 0
SEP
MEM comp06 1608321172 2020/12/18 14:52:52 1 4096 65614610 21176732 32220146 27 258443 18959048 131028 0 6079 0 0 2097152 0 0
SEP
MEM comp06 1608321173 2020/12/18 14:52:53 1 4096 65614610 21096769 32299857 27 258661 18917941 131214 0 6079 0 0 2097152 0 0
SEP
MEM comp06 1608321174 2020/12/18 14:52:54 1 4096 65614610 21030934 32365407 27 258751 18856835 131342 0 6079 0 0 2097152 0 0
SEP
MEM comp06 1608321175 2020/12/18 14:52:55 1 4096 65614610 20961125 32435106 27 258895 18800506 131486 0 6079 0 0 2097152 0 0
SEP
MEM comp06 1608321176 2020/12/18 14:52:56 1 4096 65614610 20899804 32496560 27 259023 18735766 131614 0 6079 0 0 2097152 0 0
SEP
MEM comp06 1608321177 2020/12/18 14:52:57 1 4096 65614610 20845381 32550878 27 259163 18663543 131726 0 6079 0 0 2097152 0 0
SEP
MEM comp06 1608321178 2020/12/18 14:52:58 1 4096 65614610 20796478 32599627 27 259269 18588455 131838 0 6079 0 0 2097152 0 0
SEP
MEM comp06 1608321179 2020/12/18 14:52:59 1 4096 65614610 20752325 32643582 27 259405 18508781 131942 0 6079 0 0 2097152 0 0
SEP
MEM comp06 1608321180 2020/12/18 14:53:00 1 4096 65614610 20708132 32687536 27 259559 18425146 132022 0 6079 0 0 2097152 0 0
SEP
MEM comp06 1608321181 2020/12/18 14:53:01 1 4096 65614610 20668039 32727707 27 259635 18341871 132110 0 6079 0 0 2097152 0 0
SEP
MEM comp06 1608321182 2020/12/18 14:53:02 1 4096 65614610 20625983 32769635 27 259727 18256305 132206 0 6079 0 0 2097152 0 0
SEP
MEM comp06 1608321183 2020/12/18 14:53:03 1 4096 65614610 20587752 32807810 27 259835 18167982 132302 0 6079 0 0 2097152 0 0
SEP
MEM comp06 1608321184 2020/12/18 14:53:04 1 4096 65614610 20543750 32851669 27 259933 18086894 132406 0 6079 0 0 2097152 0 0
SEP
MEM comp06 1608321185 2020/12/18 14:53:05 1 4096 65614610 20490573 32904717 27 260065 18015549 132526 0 6079 0 0 2097152 0 0
SEP
MEM comp06 1608321186 2020/12/18 14:53:06 1 4096 65614610 20431168 32964032 27 260163 17950904 132662 0 6079 0 0 2097152 0 0
SEP
MEM comp06 1608321187 2020/12/18 14:53:07 1 4096 65614610 20366829 33028212 27 260333 17890690 132806 0 6079 0 0 2097152 0 0
SEP
MEM comp06 1608321188 2020/12/18 14:53:08 1 4096 65614610 20297593 33097830 27 260479 17833308 132950 0 6079 0 0 2097152 0 0
SEP
MEM comp06 1608321189 2020/12/18 14:53:09 1 4096 65614610 20221016 33173742 27 260647 17784395 133126 0 6079 0 0 2097152 0 0
SEP
MEM comp06 1608321190 2020/12/18 14:53:10 1 4096 65614610 20141264 33253316 27 260823 17740054 133310 0 6079 0 0 2097152 0 0
SEP
MEM comp06 1608321191 2020/12/18 14:53:11 1 4096 65614610 20057171 33337353 27 260979 17700123 133486 0 6079 0 0 2097152 0 0
SEP
MEM comp06 1608321192 2020/12/18 14:53:12 1 4096 65614610 19969170 33425078 27 261173 17664980 133702 0 6079 0 0 2097152 0 0
SEP
MEM comp06 1608321193 2020/12/18 14:53:13 1 4096 65614610 19880114 33513945 27 261387 17629927 133910 0 6079 0 0 2097152 0 0
SEP
MEM comp06 1608321194 2020/12/18 14:53:14 1 4096 65614610 19785440 33608400 27 261581 17600553 134118 0 6079 0 0 2097152 0 0
SEP
MEM comp06 1608321195 2020/12/18 14:53:15 1 4096 65614610 19689662 33703986 27 261817 17569664 134334 0 6079 0 0 2097152 0 0
SEP
MEM comp06 1608321196 2020/12/18 14:53:16 1 4096 65614610 19591397 33802035 27 262033 17538697 134574 0 6079 0 0 2097152 0 0
SEP
MEM comp06 1608321197 2020/12/18 14:53:17 1 4096 65614610 19488750 33904462 27 262277 17520796 134782 0 6079 0 0 2097152 0 0
SEP
MEM comp06 1608321198 2020/12/18 14:53:18 1 4096 65614610 19384311 34008658 27 262531 17498528 135014 0 6079 0 0 2097152 0 0
SEP
MEM comp06 1608321199 2020/12/18 14:53:19 1 4096 65614610 19277715 34115075 27 262761 17480416 135262 0 6079 0 0 2097152 0 0
SEP
MEM comp06 1608321200 2020/12/18 14:53:20 1 4096 65614610 19170537 34221978 27 262987 17463976 135518 0 6079 0 0 2097152 0 0
SEP
MEM comp06 1608321201 2020/12/18 14:53:21 1 4096 65614610 19059443 34332275 27 263235 17447873 135766 0 6079 0 0 2097152 0 0
SEP
MEM comp06 1608321202 2020/12/18 14:53:22 1 4096 65614610 18948802 34443228 27 263473 17432882 136022 0 6079 0 0 2097152 0 0
SEP
MEM comp06 1608321203 2020/12/18 14:53:23 1 4096 65614610 18835928 34555839 27 263745 17419469 136278 0 6079 0 0 2097152 0 0
SEP
MEM comp06 1608321204 2020/12/18 14:53:24 1 4096 65614610 18723037 34668597 27 263977 17407255 136534 0 6079 0 0 2097152 0 0
SEP
MEM comp06 1608321205 2020/12/18 14:53:25 1 4096 65614610 18607590 34783627 27 264289 17397472 136806 0 6079 0 0 2097152 0 0
SEP
MEM comp06 1608321206 2020/12/18 14:53:26 1 4096 65614610 18801710 34908646 27 264540 17395957 137062 0 6079 0 0 2097152 0 0
SEP
MEM comp06 1608321207 2020/12/18 14:53:27 1 4096 65614610 18358005 35032679 27 264840 17399220 137358 0 6079 0 0 2097152 0 0
SEP
MEM comp06 1608321208 2020/12/18 14:53:28 1 4096 65614610 18237668 35152764 27 265092 17392841 137630 0 6079 0 0 2097152 0 0
SEP
MEM comp06 1608321209 2020/12/18 14:53:29 1 4096 65614610 18118629 35271533 27 265362 17384130 137894 0 6079 0 0 2097152 0 0
SEP
MEM comp06 1608321210 2020/12/18 14:53:30 1 4096 65614610 17999257 35390631 27 265644 17377796 138166 0 6079 0 0 2097152 0 0
SEP
MEM comp06 1608321211 2020/12/18 14:53:31 1 4096 65614610 17880118 35509615 27 265930 17370130 138446 0 6079 0 0 2097152 0 0
SEP
MEM comp06 1608321212 2020/12/18 14:53:32 1 4096 65614610 17754216 35635145 27 266182 17373376 138734 0 6079 0 0 2097152 0 0
SEP
MEM comp06 1608321213 2020/12/18 14:53:33 1 4096 65614610 17629817 35759155 27 266450 17370806 139006 0 6079 0 0 2097152 0 0
SEP
MEM comp06 1608321214 2020/12/18 14:53:34 1 4096 65614610 17507186 35881643 27 266714 17369528 139270 0 6079 0 0 2097152 0 0
SEP
MEM comp06 1608321215 2020/12/18 14:53:35 1 4096 65614610 17385969 36002746 27 266964 17366646 139534 0 6079 0 0 2097152 0 0
SEP
MEM comp06 1608321216 2020/12/18 14:53:36 1 4096 65614610 17263964 36124482 27 267268 17362401 139822 0 6079 0 0 2097152 0 0
SEP
MEM comp06 1608321217 2020/12/18 14:53:37 1 4096 65614610 17143824 36244192 27 267576 17356271 140110 0 6079 0 0 2097152 0 0
SEP
MEM comp06 1608321218 2020/12/18 14:53:38 1 4096 65614610 17022670 36365044 27 267882 17351699 140382 0 6079 0 0 2097152 0 0
SEP
MEM comp06 1608321219 2020/12/18 14:53:39 1 4096 65614610 16900344 36487125 27 268128 17347362 140662 0 6079 0 0 2097152 0 0
SEP
MEM comp06 1608321220 2020/12/18 14:53:40 1 4096 65614610 16779586 36607604 27 268430 17346432 140926 0 6079 0 0 2097152 0 0
SEP
MEM comp06 1608321221 2020/12/18 14:53:41 1 4096 65614610 16646727 36739575 27 268748 17352392 141230 0 6079 0 0 2097152 0 0
SEP
MEM comp06 1608321222 2020/12/18 14:53:42 1 4096 65614610 16963255 36866872 27 269022 17351645 141510 0 6079 0 0 2097152 0 0
SEP
MEM comp06 1608321223 2020/12/18 14:53:43 1 4096 65614610 16397475 36988623 27 269280 17349730 141774 0 6079 0 0 2097152 0 0
SEP
MEM comp06 1608321224 2020/12/18 14:53:44 1 4096 65614610 16281384 37104441 27 269574 17338518 142062 0 6079 0 0 2097152 0 0
SEP
MEM comp06 1608321225 2020/12/18 14:53:45 1 4096 65614610 16164611 37221349 27 269764 17330545 142214 0 6079 0 0 2097152 0 0
SEP
MEM comp06 1608321226 2020/12/18 14:53:46 1 4096 65614610 16128834 37340206 27 270106 17325317 142582 0 6079 0 0 2097152 0 0
SEP
MEM comp06 1608321227 2020/12/18 14:53:47 1 4096 65614610 15925057 37459986 27 270368 17319227 142854 0 6079 0 0 2097152 0 0
SEP
MEM comp06 1608321228 2020/12/18 14:53:48 1 4096 65614610 15799449 37584845 27 270662 17319204 143134 0 6079 0 0 2097152 0 0
SEP
MEM comp06 1608321229 2020/12/18 14:53:49 1 4096 65614610 16283763 37711428 27 270944 17318297 143430 0 6079 0 0 2097152 0 0
SEP
MEM comp06 1608321230 2020/12/18 14:53:50 1 4096 65614610 15546155 37838228 27 271192 17318653 143702 0 6079 0 0 2097152 0 0
SEP
MEM comp06 1608321231 2020/12/18 14:53:51 1 4096 65614610 15424469 37959999 27 271484 17316079 143998 0 6079 0 0 2097152 0 0
SEP
MEM comp06 1608321232 2020/12/18 14:53:52 1 4096 65614610 15295980 38087872 27 271798 17318552 144278 0 6079 0 0 2097152 0 0
SEP
MEM comp06 1608321233 2020/12/18 14:53:53 1 4096 65614610 15169213 38214353 27 272141 17322987 144600 0 6079 0 0 2097152 0 0
SEP
MEM comp06 1608321234 2020/12/18 14:53:54 1 4096 65614610 15044062 38339166 27 272405 17321324 144864 0 6079 0 0 2097152 0 0
SEP
MEM comp06 1608321235 2020/12/18 14:53:55 1 4096 65614610 14915220 38467809 27 272699 17321904 145160 0 6079 0 0 2097152 0 0
SEP
MEM comp06 1608321236 2020/12/18 14:53:56 1 4096 65614610 14785517 38597145 27 273007 17327992 145472 0 6079 0 0 2097152 0 0
SEP
MEM comp06 1608321237 2020/12/18 14:53:57 1 4096 65614610 14887652 38731909 27 273317 17335846 145752 0 6079 0 0 2097152 0 0
SEP
MEM comp06 1608321238 2020/12/18 14:53:58 1 4096 65614610 14520983 38861056 27 273613 17341495 146064 0 6079 0 0 2097152 0 0
SEP
MEM comp06 1608321239 2020/12/18 14:53:59 1 4096 65614610 14397414 38984401 27 273849 17339488 146336 0 6079 0 0 2097152 0 0
SEP
MEM comp06 1608321240 2020/12/18 14:54:00 1 4096 65614610 14274414 39107141 27 274119 17338192 146608 0 6079 0 0 2097152 0 0
SEP
MEM comp06 1608321241 2020/12/18 14:54:01 1 4096 65614610 14152858 39228409 27 274407 17334615 146888 0 6079 0 0 2097152 0 0
SEP
MEM comp06 1608321242 2020/12/18 14:54:02 1 4096 65614610 14029371 39351749 27 274695 17330793 147168 0 6079 0 0 2097152 0 0
SEP
MEM comp06 1608321243 2020/12/18 14:54:03 1 4096 65614610 13900641 39480115 27 274975 17333325 147440 0 6079 0 0 2097152 0 0
SEP
MEM comp06 1608321244 2020/12/18 14:54:04 1 4096 65614610 13773777 39606680 27 275239 17334500 147728 0 6079 0 0 2097152 0 0
SEP
MEM comp06 1608321245 2020/12/18 14:54:05 1 4096 65614610 13648113 39732156 27 275531 17333938 148016 0 6079 0 0 2097152 0 0
SEP
MEM comp06 1608321246 2020/12/18 14:54:06 1 4096 65614610 13523104 39856778 27 275809 17338774 148304 0 6079 0 0 2097152 0 0
SEP
MEM comp06 1608321247 2020/12/18 14:54:07 1 4096 65614610 13399572 39980042 27 276099 17335082 148584 0 6079 0 0 2097152 0 0
SEP
MEM comp06 1608321248 2020/12/18 14:54:08 1 4096 65614610 13928018 40105035 27 276367 17332645 148864 0 6079 0 0 2097152 0 0
SEP
MEM comp06 1608321249 2020/12/18 14:54:09 1 4096 65614610 13140579 40238483 27 276677 17344169 149168 0 6079 0 0 2097152 0 0
SEP
MEM comp06 1608321250 2020/12/18 14:54:10 1 4096 65614610 13014456 40364243 27 276961 17346089 149440 0 6079 0 0 2097152 0 0
SEP
MEM comp06 1608321251 2020/12/18 14:54:11 1 4096 65614610 12890447 40487947 27 277253 17348845 149728 0 6079 0 0 2097152 0 0
SEP
MEM comp06 1608321252 2020/12/18 14:54:12 1 4096 65614610 12769085 40609043 27 277545 17344097 150008 0 6079 0 0 2097152 0 0
SEP
MEM comp06 1608321253 2020/12/18 14:54:13 1 4096 65614610 12648793 40728967 27 277830 17340639 150272 0 6079 0 0 2097152 0 0
SEP
MEM comp06 1608321254 2020/12/18 14:54:14 1 4096 65614610 12522487 40855027 27 278152 17343295 150568 0 6079 0 0 2097152 0 0
SEP
MEM comp06 1608321255 2020/12/18 14:54:15 1 4096 65614610 12396936 40980335 27 278452 17344125 150864 0 6079 0 0 2097152 0 0
SEP
MEM comp06 1608321256 2020/12/18 14:54:16 1 4096 65614610 12272308 41104588 27 278696 17341994 151128 0 6079 0 0 2097152 0 0
SEP
MEM comp06 1608321257 2020/12/18 14:54:17 1 4096 65614610 12510993 41233012 27 278986 17351042 151424 0 6079 0 0 2097152 0 0
SEP
MEM comp06 1608321258 2020/12/18 14:54:18 1 4096 65614610 12018408 41358012 27 279276 17351706 151712 0 6079 0 0 2097152 0 0
SEP
MEM comp06 1608321259 2020/12/18 14:54:19 1 4096 65614610 11895850 41480314 27 279544 17353150 151992 0 6079 0 0 2097152 0 0
SEP
MEM comp06 1608321260 2020/12/18 14:54:20 1 4096 65614610 11774836 41600896 27 279990 17353356 152280 0 6079 0 0 2097152 0 0
SEP
MEM comp06 1608321261 2020/12/18 14:54:21 1 4096 65614610 11655913 41719530 27 280264 17348095 152552 0 6079 0 0 2097152 0 0
SEP
MEM comp06 1608321262 2020/12/18 14:54:22 1 4096 65614610 11536541 41838665 27 280524 17341785 152808 0 6079 0 0 2097152 0 0
SEP
MEM comp06 1608321263 2020/12/18 14:54:23 1 4096 65614610 11411243 41963504 27 280788 17346300 153088 0 6079 0 0 2097152 0 0
SEP
MEM comp06 1608321264 2020/12/18 14:54:24 1 4096 65614610 11288025 42086483 27 281044 17345375 153368 0 6079 0 0 2097152 0 0
SEP
MEM comp06 1608321265 2020/12/18 14:54:25 1 4096 65614610 11166313 42207959 27 281292 17354211 153664 0 6079 0 0 2097152 0 0
SEP
MEM comp06 1608321266 2020/12/18 14:54:26 1 4096 65614610 11046023 42327978 27 281532 17358025 153920 0 6079 0 0 2097152 0 0
SEP
MEM comp06 1608321267 2020/12/18 14:54:27 1 4096 65614610 10927148 42446580 27 281832 17355264 154208 0 6079 0 0 2097152 0 0
SEP
MEM comp06 1608321268 2020/12/18 14:54:28 1 4096 65614610 10809192 42564434 27 282065 17363990 154472 0 6079 0 0 2097152 0 0
SEP
MEM comp06 1608321269 2020/12/18 14:54:29 1 4096 65614610 10693853 42679398 27 282317 17369570 154736 0 6079 0 0 2097152 0 0
SEP
MEM comp06 1608321270 2020/12/18 14:54:30 1 4096 65614610 10579460 42793528 27 282605 17364868 155000 0 6079 0 0 2097152 0 0
SEP
MEM comp06 1608321271 2020/12/18 14:54:31 1 4096 65614610 10464000 42908702 27 282867 17356028 155240 0 6079 0 0 2097152 0 0
SEP
MEM comp06 1608321272 2020/12/18 14:54:32 1 4096 65614610 10348481 43024016 27 283091 17352155 155504 0 6079 0 0 2097152 0 0
SEP
MEM comp06 1608321273 2020/12/18 14:54:33 1 4096 65614610 10232358 43139865 27 283371 17348716 155776 0 6079 0 0 2097152 0 0
SEP
MEM comp06 1608321274 2020/12/18 14:54:34 1 4096 65614610 10116816 43255212 27 283623 17344121 156040 0 6079 0 0 2097152 0 0
SEP
MEM comp06 1608321275 2020/12/18 14:54:35 1 4096 65614610 10000643 43371088 27 283869 17337755 156296 0 6079 0 0 2097152 0 0
SEP
MEM comp06 1608321276 2020/12/18 14:54:36 1 4096 65614610 10605160 43500132 27 284161 17341864 156576 0 6079 0 0 2097152 0 0
SEP
MEM comp06 1608321277 2020/12/18 14:54:37 1 4096 65614610 14119049 43655605 27 284551 17377536 156952 0 6079 0 0 2097152 0 0
SEP
MEM comp06 1608321278 2020/12/18 14:54:38 1 4096 65614610 15377900 43864240 27 285025 17470333 157416 0 6079 0 0 2097152 0 0
SEP
MEM comp06 1608321279 2020/12/18 14:54:39 1 4096 65614610 15138401 44103008 27 285677 17596526 157936 0 6079 0 0 2097152 0 0
SEP
MEM comp06 1608321280 2020/12/18 14:54:40 1 4096 65614610 14892090 44348776 27 286225 17731187 158512 0 6079 0 0 2097152 0 0
SEP
MEM comp06 1608321281 2020/12/18 14:54:41 1 4096 65614610 14653804 44586573 27 286737 17862487 159056 0 6079 0 0 2097152 0 0
SEP
MEM comp06 1608321282 2020/12/18 14:54:42 1 4096 65614610 14423258 44816963 27 287185 17985136 159560 0 6079 0 0 2097152 0 0
SEP
MEM comp06 1608321283 2020/12/18 14:54:43 1 4096 65614610 14206979 45032449 27 287713 18095940 160064 0 6079 0 0 2097152 0 0
SEP
MEM comp06 1608321284 2020/12/18 14:54:44 1 4096 65614610 13997761 45241619 27 288275 18198046 160528 0 6079 0 0 2097152 0 0
SEP
MEM comp06 1608321285 2020/12/18 14:54:45 1 4096 65614610 14529239 45443335 27 288715 18298900 161008 0 6079 0 0 2097152 0 0
SEP
MEM comp06 1608321286 2020/12/18 14:54:46 1 4096 65614610 14328772 45643409 27 289109 18395035 161456 0 6079 0 0 2097152 0 0
SEP
MEM comp06 1608321287 2020/12/18 14:54:47 1 4096 65614610 14134617 45837199 27 289531 18485456 161888 0 6079 0 0 2097152 0 0
SEP
MEM comp06 1608321288 2020/12/18 14:54:48 1 4096 65614610 13948019 46023281 27 289993 18571164 162312 0 6079 0 0 2097152 0 0
SEP
MEM comp06 1608321289 2020/12/18 14:54:49 1 4096 65614610 15236901 46201659 27 290517 18640454 162720 0 6079 0 0 2097152 0 0
SEP
MEM comp06 1608321290 2020/12/18 14:54:50 1 4096 65614610 15793156 46379060 27 290761 18702211 163128 0 6079 0 0 2097152 0 0
SEP
MEM comp06 1608321291 2020/12/18 14:54:51 1 4096 65614610 16350004 46555893 27 291169 18767147 163520 0 6079 0 0 2097152 0 0
SEP
MEM comp06 1608321292 2020/12/18 14:54:52 1 4096 65614610 16904411 46735022 27 291565 18835964 163920 0 6079 0 0 2097152 0 0
SEP
