RESET
MEM comp06 1608321425 2020/12/18 14:57:05 1487061 4096 65614610 65180812 26440 27 188764 3 59659 0 6088 0 0 2097152 0 0
SEP
MEM comp06 1608321426 2020/12/18 14:57:06 1 4096 65614610 64891763 184040 27 190397 4 60483 0 6088 0 0 2097152 0 0
SEP
MEM comp06 1608321427 2020/12/18 14:57:07 1 4096 65614610 64616672 321767 27 190667 1 60773 0 6088 0 0 2097152 0 0
SEP
MEM comp06 1608321428 2020/12/18 14:57:08 1 4096 65614610 64335867 458989 27 190947 1 61069 0 6088 0 0 2097152 0 0
SEP
MEM comp06 1608321429 2020/12/18 14:57:09 1 4096 65614610 64058278 596758 27 191267 1 61365 0 6088 0 0 2097152 0 0
SEP
MEM comp06 1608321430 2020/12/18 14:57:10 1 4096 65614610 63790025 732347 27 191499 1 61605 0 6088 0 0 2097152 0 0
SEP
MEM comp06 1608321431 2020/12/18 14:57:11 1 4096 65614610 63509325 870126 27 191865 1 61965 0 6088 0 0 2097152 0 0
SEP
MEM comp06 1608321432 2020/12/18 14:57:12 1 4096 65614610 63235904 1008875 27 192147 1 62261 0 6088 0 0 2097152 0 0
SEP
MEM comp06 1608321433 2020/12/18 14:57:13 1 4096 65614610 62960462 1145974 27 192411 1 62565 0 6088 0 0 2097152 0 0
SEP
MEM comp06 1608321434 2020/12/18 14:57:14 1 4096 65614610 62681878 1283705 27 192747 1 62877 0 6088 0 0 2097152 0 0
SEP
MEM comp06 1608321435 2020/12/18 14:57:15 1 4096 65614610 62410978 1420006 27 193061 1 63181 0 6088 0 0 2097152 0 0
SEP
MEM comp06 1608321436 2020/12/18 14:57:16 1 4096 65614610 62130268 1559278 27 193389 1 63501 0 6088 0 0 2097152 0 0
SEP
MEM comp06 1608321437 2020/12/18 14:57:17 1 4096 65614610 61852830 1699051 27 193647 1 63797 0 6088 0 0 2097152 0 0
SEP
MEM comp06 1608321438 2020/12/18 14:57:18 1 4096 65614610 61574775 1834265 27 193935 1 64069 0 6088 0 0 2097152 0 0
SEP
MEM comp06 1608321439 2020/12/18 14:57:19 1 4096 65614610 61300832 1973485 27 194237 1 64373 0 6088 0 0 2097152 0 0
SEP
MEM comp06 1608321440 2020/12/18 14:57:20 1 4096 65614610 61027931 2110699 27 194509 1 64661 0 6088 0 0 2097152 0 0
SEP
MEM comp06 1608321441 2020/12/18 14:57:21 1 4096 65614610 60753388 2247915 27 194813 1 64949 0 6088 0 0 2097152 0 0
SEP
MEM comp06 1608321442 2020/12/18 14:57:22 1 4096 65614610 60478377 2386664 27 195113 1 65261 0 6088 0 0 2097152 0 0
SEP
MEM comp06 1608321443 2020/12/18 14:57:23 1 4096 65614610 60199792 2524395 27 195454 1 65573 0 6088 0 0 2097152 0 0
SEP
MEM comp06 1608321444 2020/12/18 14:57:24 1 4096 65614610 59927876 2660074 27 195742 1 65885 0 6088 0 0 2097152 0 0
SEP
MEM comp06 1608321445 2020/12/18 14:57:25 1 4096 65614610 59645176 2799342 27 196078 1 66205 0 6088 0 0 2097152 0 0
SEP
MEM comp06 1608321446 2020/12/18 14:57:26 1 4096 65614610 59372741 2937578 27 196368 1 66509 0 6088 0 0 2097152 0 0
SEP
MEM comp06 1608321447 2020/12/18 14:57:27 1 4096 65614610 59094671 3075818 27 196690 1 66829 0 6088 0 0 2097152 0 0
SEP
MEM comp06 1608321448 2020/12/18 14:57:28 1 4096 65614610 58815596 3213038 27 197012 1 67149 0 6088 0 0 2097152 0 0
SEP
MEM comp06 1608321449 2020/12/18 14:57:29 1 4096 65614610 58544744 3350761 27 197274 1 67429 0 6088 0 0 2097152 0 0
SEP
MEM comp06 1608321450 2020/12/18 14:57:30 1 4096 65614610 58267637 3487944 27 197673 1 67741 0 6088 0 0 2097152 0 0
SEP
MEM comp06 1608321451 2020/12/18 14:57:31 1 4096 65614610 57991642 3625705 27 197991 1 68055 0 6088 0 0 2097152 0 0
SEP
MEM comp06 1608321452 2020/12/18 14:57:32 1 4096 65614610 57718652 3761461 27 198319 1 68375 0 6088 0 0 2097152 0 0
SEP
MEM comp06 1608321453 2020/12/18 14:57:33 1 4096 65614610 57441639 3900161 27 198611 1 68663 0 6088 0 0 2097152 0 0
SEP
MEM comp06 1608321454 2020/12/18 14:57:34 1 4096 65614610 57166655 4037295 27 198895 1 68959 0 6088 0 0 2097152 0 0
SEP
MEM comp06 1608321455 2020/12/18 14:57:35 1 4096 65614610 56890088 4174071 27 199201 1 69255 0 6088 0 0 2097152 0 0
SEP
MEM comp06 1608321456 2020/12/18 14:57:36 1 4096 65614610 56618685 4312358 27 199495 1 69559 0 6088 0 0 2097152 0 0
SEP
MEM comp06 1608321457 2020/12/18 14:57:37 1 4096 65614610 56337004 4450051 27 199830 1 69879 0 6088 0 0 2097152 0 0
SEP
MEM comp06 1608321458 2020/12/18 14:57:38 1 4096 65614610 56060954 4590335 27 200148 1 70207 0 6088 0 0 2097152 0 0
SEP
MEM comp06 1608321459 2020/12/18 14:57:39 1 4096 65614610 55787542 4727040 27 200452 1 70519 0 6088 0 0 2097152 0 0
SEP
MEM comp06 1608321460 2020/12/18 14:57:40 1 4096 65614610 55508952 4865226 27 200740 2 70799 0 6088 0 0 2097152 0 0
SEP
MEM comp06 1608321461 2020/12/18 14:57:41 1 4096 65614610 55228804 5004036 27 201074 2 71143 0 6088 0 0 2097152 0 0
SEP
MEM comp06 1608321462 2020/12/18 14:57:42 1 4096 65614610 54953365 5139757 27 201398 2 71455 0 6088 0 0 2097152 0 0
SEP
MEM comp06 1608321463 2020/12/18 14:57:43 1 4096 65614610 54683996 5277951 27 201690 2 71759 0 6088 0 0 2097152 0 0
SEP
MEM comp06 1608321464 2020/12/18 14:57:44 1 4096 65614610 54409318 5414656 27 202008 2 72071 0 6088 0 0 2097152 0 0
SEP
MEM comp06 1608321465 2020/12/18 14:57:45 1 4096 65614610 54132457 5552394 27 202260 2 72327 0 6088 0 0 2097152 0 0
SEP
MEM comp06 1608321466 2020/12/18 14:57:46 1 4096 65614610 53853291 5692671 27 202632 2 72679 0 6088 0 0 2097152 0 0
SEP
MEM comp06 1608321467 2020/12/18 14:57:47 1 4096 65614610 53574182 5829299 27 202920 2 72967 0 6088 0 0 2097152 0 0
SEP
MEM comp06 1608321468 2020/12/18 14:57:48 1 4096 65614610 53302269 5965013 27 203238 2 73303 0 6088 0 0 2097152 0 0
SEP
MEM comp06 1608321469 2020/12/18 14:57:49 1 4096 65614610 53022141 6103383 27 203520 2 73591 0 6088 0 0 2097152 0 0
SEP
MEM comp06 1608321470 2020/12/18 14:57:50 1 4096 65614610 52749750 6241962 27 203808 2 73879 0 6088 0 0 2097152 0 0
SEP
MEM comp06 1608321471 2020/12/18 14:57:51 1 4096 65614610 52472707 6378647 27 204100 2 74183 0 6088 0 0 2097152 0 0
SEP
MEM comp06 1608321472 2020/12/18 14:57:52 1 4096 65614610 52193085 6517398 27 204414 2 74479 0 6088 0 0 2097152 0 0
SEP
MEM comp06 1608321473 2020/12/18 14:57:53 1 4096 65614610 51922217 6654769 27 204708 2 74783 0 6088 0 0 2097152 0 0
SEP
MEM comp06 1608321474 2020/12/18 14:57:54 1 4096 65614610 51641510 6793002 27 205050 2 75111 0 6088 0 0 2097152 0 0
SEP
MEM comp06 1608321475 2020/12/18 14:57:55 1 4096 65614610 51367024 6930125 27 205366 2 75439 0 6088 0 0 2097152 0 0
SEP
MEM comp06 1608321476 2020/12/18 14:57:56 1 4096 65614610 51093025 7068914 27 205692 2 75743 0 6088 0 0 2097152 0 0
SEP
MEM comp06 1608321477 2020/12/18 14:57:57 1 4096 65614610 50816998 7206147 27 206004 2 76079 0 6088 0 0 2097152 0 0
SEP
MEM comp06 1608321478 2020/12/18 14:57:58 1 4096 65614610 50538872 7344629 27 206340 2 76383 0 6088 0 0 2097152 0 0
SEP
MEM comp06 1608321479 2020/12/18 14:57:59 1 4096 65614610 50263945 7481109 27 206602 2 76671 0 6088 0 0 2097152 0 0
SEP
MEM comp06 1608321480 2020/12/18 14:58:00 1 4096 65614610 49986898 7619305 27 206890 2 76959 0 6088 0 0 2097152 0 0
SEP
MEM comp06 1608321481 2020/12/18 14:58:01 1 4096 65614610 49716451 7755977 27 207260 2 77311 0 6088 0 0 2097152 0 0
SEP
MEM comp06 1608321482 2020/12/18 14:58:02 1 4096 65614610 49439948 7893695 27 207540 2 77591 0 6088 0 0 2097152 0 0
SEP
MEM comp06 1608321483 2020/12/18 14:58:03 1 4096 65614610 49160293 8031455 27 207872 2 77919 0 6088 0 0 2097152 0 0
SEP
MEM comp06 1608321484 2020/12/18 14:58:04 1 4096 65614610 48884794 8170482 27 208196 2 78255 0 6088 0 0 2097152 0 0
SEP
MEM comp06 1608321485 2020/12/18 14:58:05 1 4096 65614610 48607762 8307037 27 208460 2 78527 0 6088 0 0 2097152 0 0
SEP
MEM comp06 1608321486 2020/12/18 14:58:06 1 4096 65614610 48336279 8444673 27 208802 2 78871 0 6088 0 0 2097152 0 0
SEP
MEM comp06 1608321487 2020/12/18 14:58:07 1 4096 65614610 48053616 8584831 27 209106 2 79159 0 6088 0 0 2097152 0 0
SEP
MEM comp06 1608321488 2020/12/18 14:58:08 1 4096 65614610 47778579 8721600 27 209422 2 79479 0 6088 0 0 2097152 0 0
SEP
MEM comp06 1608321489 2020/12/18 14:58:09 1 4096 65614610 47508225 8857814 27 209706 2 79767 0 6088 0 0 2097152 0 0
SEP
MEM comp06 1608321490 2020/12/18 14:58:10 1 4096 65614610 47230181 8995110 27 210002 1 80063 0 6088 0 0 2097152 0 0
SEP
MEM comp06 1608321491 2020/12/18 14:58:11 1 4096 65614610 46954069 9133257 27 210334 1 80399 0 6088 0 0 2097152 0 0
SEP
MEM comp06 1608321492 2020/12/18 14:58:12 1 4096 65614610 46675516 9272590 27 210616 1 80679 0 6088 0 0 2097152 0 0
SEP
MEM comp06 1608321493 2020/12/18 14:58:13 1 4096 65614610 46401549 9409655 27 210986 1 81031 0 6088 0 0 2097152 0 0
SEP
MEM comp06 1608321494 2020/12/18 14:58:14 1 4096 65614610 46130139 9546545 27 211266 2 81327 0 6088 0 0 2097152 0 0
SEP
MEM comp06 1608321495 2020/12/18 14:58:15 1 4096 65614610 45849435 9685156 27 211620 2 81671 0 6088 0 0 2097152 0 0
SEP
MEM comp06 1608321496 2020/12/18 14:58:16 1 4096 65614610 45572464 9822536 27 211890 2 81951 0 6088 0 0 2097152 0 0
SEP
MEM comp06 1608321497 2020/12/18 14:58:17 1 4096 65614610 45293292 9960200 27 212234 2 82279 0 6088 0 0 2097152 0 0
SEP
MEM comp06 1608321498 2020/12/18 14:58:18 1 4096 65614610 45017346 10098985 27 212500 2 82559 0 6088 0 0 2097152 0 0
SEP
MEM comp06 1608321499 2020/12/18 14:58:19 1 4096 65614610 44748325 10234228 27 212824 2 82895 0 6088 0 0 2097152 0 0
SEP
MEM comp06 1608321500 2020/12/18 14:58:20 1 4096 65614610 44466755 10374916 27 213142 2 83215 0 6088 0 0 2097152 0 0
SEP
MEM comp06 1608321501 2020/12/18 14:58:21 1 4096 65614610 44192847 10511100 27 213414 2 83479 0 6088 0 0 2097152 0 0
SEP
MEM comp06 1608321502 2020/12/18 14:58:22 1 4096 65614610 43918346 10647495 27 213738 2 83807 0 6088 0 0 2097152 0 0
SEP
MEM comp06 1608321503 2020/12/18 14:58:23 1 4096 65614610 43640741 10785032 27 214042 2 84111 0 6088 0 0 2097152 0 0
SEP
MEM comp06 1608321504 2020/12/18 14:58:24 1 4096 65614610 43362607 10923784 27 214418 2 84471 0 6088 0 0 2097152 0 0
SEP
MEM comp06 1608321505 2020/12/18 14:58:25 1 4096 65614610 43090196 11060996 27 214696 2 84775 0 6088 0 0 2097152 0 0
SEP
MEM comp06 1608321506 2020/12/18 14:58:26 1 4096 65614610 42819800 11198270 27 215002 2 85071 0 6088 0 0 2097152 0 0
SEP
MEM comp06 1608321507 2020/12/18 14:58:27 1 4096 65614610 42539199 11336833 27 215302 2 85383 0 6088 0 0 2097152 0 0
SEP
MEM comp06 1608321508 2020/12/18 14:58:28 1 4096 65614610 42260027 11474170 27 215638 2 85711 0 6088 0 0 2097152 0 0
SEP
MEM comp06 1608321509 2020/12/18 14:58:29 1 4096 65614610 41981450 11613507 27 215932 2 86007 0 6088 0 0 2097152 0 0
SEP
MEM comp06 1608321510 2020/12/18 14:58:30 1 4096 65614610 41708989 11751135 27 216260 2 86327 0 6088 0 0 2097152 0 0
SEP
MEM comp06 1608321511 2020/12/18 14:58:31 1 4096 65614610 41435998 11887303 27 216600 2 86647 0 6088 0 0 2097152 0 0
SEP
MEM comp06 1608321512 2020/12/18 14:58:32 1 4096 65614610 41157915 12026131 27 216890 2 86935 0 6088 0 0 2097152 0 0
SEP
MEM comp06 1608321513 2020/12/18 14:58:33 1 4096 65614610 40882375 12162765 27 217216 2 87263 0 6088 0 0 2097152 0 0
SEP
MEM comp06 1608321514 2020/12/18 14:58:34 1 4096 65614610 40604837 12302040 27 217516 2 87583 0 6088 0 0 2097152 0 0
SEP
MEM comp06 1608321515 2020/12/18 14:58:35 1 4096 65614610 40332897 12437770 27 217832 2 87895 0 6088 0 0 2097152 0 0
SEP
MEM comp06 1608321516 2020/12/18 14:58:36 1 4096 65614610 40050719 12578109 27 218148 2 88199 0 6088 0 0 2097152 0 0
SEP
MEM comp06 1608321517 2020/12/18 14:58:37 1 4096 65614610 39779271 12712710 27 218484 2 88543 0 6088 0 0 2097152 0 0
SEP
MEM comp06 1608321518 2020/12/18 14:58:38 1 4096 65614610 39499198 12851840 27 218748 2 88799 0 6088 0 0 2097152 0 0
SEP
MEM comp06 1608321519 2020/12/18 14:58:39 1 4096 65614610 39227236 12989089 27 219064 2 89135 0 6088 0 0 2097152 0 0
SEP
MEM comp06 1608321520 2020/12/18 14:58:40 1 4096 65614610 38947312 13127457 27 219422 1 89471 0 6088 0 0 2097152 0 0
SEP
MEM comp06 1608321521 2020/12/18 14:58:41 1 4096 65614610 38668560 13265500 27 219690 1 89751 0 6088 0 0 2097152 0 0
SEP
MEM comp06 1608321522 2020/12/18 14:58:42 1 4096 65614610 38399644 13402411 27 220028 1 90087 0 6088 0 0 2097152 0 0
SEP
MEM comp06 1608321523 2020/12/18 14:58:43 1 4096 65614610 38119029 13541474 27 220304 1 90359 0 6088 0 0 2097152 0 0
SEP
MEM comp06 1608321524 2020/12/18 14:58:44 1 4096 65614610 37846580 13679829 27 220618 1 90671 0 6088 0 0 2097152 0 0
SEP
MEM comp06 1608321525 2020/12/18 14:58:45 1 4096 65614610 37572104 13816041 27 220950 1 90991 0 6088 0 0 2097152 0 0
SEP
MEM comp06 1608321526 2020/12/18 14:58:46 1 4096 65614610 37291966 13953254 27 221258 1 91319 0 6088 0 0 2097152 0 0
SEP
MEM comp06 1608321527 2020/12/18 14:58:47 1 4096 65614610 37019993 14090499 27 221582 1 91639 0 6088 0 0 2097152 0 0
SEP
MEM comp06 1608321528 2020/12/18 14:58:48 1 4096 65614610 36738343 14228258 27 221898 2 91935 0 6088 0 0 2097152 0 0
SEP
MEM comp06 1608321529 2020/12/18 14:58:49 1 4096 65614610 36465320 14366471 27 222226 2 92279 0 6088 0 0 2097152 0 0
SEP
MEM comp06 1608321530 2020/12/18 14:58:50 1 4096 65614610 36192365 14504203 27 222530 2 92567 0 6088 0 0 2097152 0 0
SEP
MEM comp06 1608321531 2020/12/18 14:58:51 1 4096 65614610 35917046 14642189 27 222820 2 92879 0 6088 0 0 2097152 0 0
SEP
MEM comp06 1608321532 2020/12/18 14:58:52 1 4096 65614610 35636321 14777553 27 223160 2 93199 0 6088 0 0 2097152 0 0
SEP
MEM comp06 1608321533 2020/12/18 14:58:53 1 4096 65614610 35360825 14913825 27 223458 2 93503 0 6088 0 0 2097152 0 0
SEP
MEM comp06 1608321534 2020/12/18 14:58:54 1 4096 65614610 35084776 15053085 27 223762 2 93807 0 6088 0 0 2097152 0 0
SEP
MEM comp06 1608321535 2020/12/18 14:58:55 1 4096 65614610 34806997 15187705 27 224042 2 94079 0 6088 0 0 2097152 0 0
SEP
MEM comp06 1608321536 2020/12/18 14:58:56 1 4096 65614610 34346585 15507461 27 224764 187592 94799 0 6088 0 0 2097152 0 0
SEP
MEM comp06 1608321537 2020/12/18 14:58:57 1 4096 65614610 33769052 16658836 27 227318 1254071 97351 0 6088 0 0 2097152 0 0
SEP
MEM comp06 1608321538 2020/12/18 14:58:58 1 4096 65614610 32607009 17407359 27 229049 2002740 99079 0 6088 0 0 2097152 0 0
SEP
MEM comp06 1608321539 2020/12/18 14:58:59 1 4096 65614610 31933408 19001991 27 232579 3597348 102607 0 6088 0 0 2097152 0 0
SEP
MEM comp06 1608321540 2020/12/18 14:59:00 1 4096 65614610 30740485 19985318 27 234905 4580513 104911 0 6088 0 0 2097152 0 0
SEP
MEM comp06 1608321541 2020/12/18 14:59:01 1 4096 65614610 28650710 21771155 27 238851 6294761 108847 0 6088 0 0 2097152 0 0
SEP
MEM comp06 1608321542 2020/12/18 14:59:02 1 4096 65614610 26603100 25403289 27 246963 9800427 116855 0 6088 0 0 2097152 0 0
SEP
MEM comp06 1608321543 2020/12/18 14:59:03 1 4096 65614610 23298016 29218836 27 255685 13489420 125543 0 6088 0 0 2097152 0 0
SEP
MEM comp06 1608321544 2020/12/18 14:59:04 1 4096 65614610 20989734 31019092 27 259895 15163736 129807 0 6088 0 0 2097152 0 0
SEP
MEM comp06 1608321545 2020/12/18 14:59:05 1 4096 65614610 18109573 31612088 27 261463 15631334 131359 0 6088 0 0 2097152 0 0
SEP
MEM comp06 1608321546 2020/12/18 14:59:06 1 4096 65614610 17431371 32288798 27 262875 16182935 132719 0 6088 0 0 2097152 0 0
SEP
MEM comp06 1608321547 2020/12/18 14:59:07 1 4096 65614610 16759342 32959073 27 264593 16728994 134415 0 6088 0 0 2097152 0 0
SEP
MEM comp06 1608321548 2020/12/18 14:59:08 1 4096 65614610 16582855 33406215 27 265648 17048518 135391 0 6088 0 0 2097152 0 0
SEP
MEM comp06 1608321549 2020/12/18 14:59:09 1 4096 65614610 15870952 33845470 27 266480 17364315 136215 0 6088 0 0 2097152 0 0
SEP
MEM comp06 1608321550 2020/12/18 14:59:10 1 4096 65614610 15493658 34221608 27 267532 17620370 137239 0 6088 0 0 2097152 0 0
SEP
MEM comp06 1608321551 2020/12/18 14:59:11 1 4096 65614610 15325829 34389283 27 267816 17663354 137679 0 6088 0 0 2097152 0 0
SEP
MEM comp06 1608321552 2020/12/18 14:59:12 1 4096 65614610 15224280 34490824 27 268040 17642395 137903 0 6088 0 0 2097152 0 0
SEP
MEM comp06 1608321553 2020/12/18 14:59:13 1 4096 65614610 15151346 34563413 27 268198 17591096 138055 0 6088 0 0 2097152 0 0
SEP
MEM comp06 1608321554 2020/12/18 14:59:14 1 4096 65614610 15085218 34629418 27 268390 17532101 138241 0 6088 0 0 2097152 0 0
SEP
MEM comp06 1608321555 2020/12/18 14:59:15 1 4096 65614610 15026247 34688268 27 268518 17465510 138361 0 6088 0 0 2097152 0 0
SEP
MEM comp06 1608321556 2020/12/18 14:59:16 1 4096 65614610 14975711 34738683 27 268690 17388436 138465 0 6088 0 0 2097152 0 0
SEP
MEM comp06 1608321557 2020/12/18 14:59:17 1 4096 65614610 14922171 34793079 27 268764 17320546 138585 0 6088 0 0 2097152 0 0
SEP
MEM comp06 1608321558 2020/12/18 14:59:18 1 4096 65614610 14876853 34837676 27 268882 17240343 138665 0 6088 0 0 2097152 0 0
SEP
MEM comp06 1608321559 2020/12/18 14:59:19 1 4096 65614610 14825915 34888656 27 269022 17169753 138793 0 6088 0 0 2097152 0 0
SEP
MEM comp06 1608321560 2020/12/18 14:59:20 1 4096 65614610 14782081 34932058 27 269144 17087607 138913 0 6088 0 0 2097152 0 0
SEP
MEM comp06 1608321561 2020/12/18 14:59:21 1 4096 65614610 14732762 34981385 27 269274 17009191 138993 0 6088 0 0 2097152 0 0
SEP
MEM comp06 1608321562 2020/12/18 14:59:22 1 4096 65614610 14686700 35027658 27 269414 16930746 139129 0 6088 0 0 2097152 0 0
SEP
MEM comp06 1608321563 2020/12/18 14:59:23 1 4096 65614610 14634669 35078558 27 269546 16855172 139257 0 6088 0 0 2097152 0 0
SEP
MEM comp06 1608321564 2020/12/18 14:59:24 1 4096 65614610 14575101 35138269 27 269658 16788173 139353 0 6088 0 0 2097152 0 0
SEP
MEM comp06 1608321565 2020/12/18 14:59:25 1 4096 65614610 14508846 35204893 27 269860 16731301 139561 0 6088 0 0 2097152 0 0
SEP
MEM comp06 1608321566 2020/12/18 14:59:26 1 4096 65614610 14440554 35273113 27 270028 16674624 139713 0 6088 0 0 2097152 0 0
SEP
MEM comp06 1608321567 2020/12/18 14:59:27 1 4096 65614610 14366244 35346580 27 270222 16624816 139881 0 6088 0 0 2097152 0 0
SEP
MEM comp06 1608321568 2020/12/18 14:59:28 1 4096 65614610 14289159 35424364 27 270280 16576408 140049 0 6088 0 0 2097152 0 0
SEP
MEM comp06 1608321569 2020/12/18 14:59:29 1 4096 65614610 14208904 35504292 27 270338 16530196 140193 0 6088 0 0 2097152 0 0
SEP
MEM comp06 1608321570 2020/12/18 14:59:30 1 4096 65614610 14124312 35588806 27 270562 16490166 140409 0 6088 0 0 2097152 0 0
SEP
MEM comp06 1608321571 2020/12/18 14:59:31 1 4096 65614610 14035663 35677360 27 270760 16451547 140601 0 6088 0 0 2097152 0 0
SEP
MEM comp06 1608321572 2020/12/18 14:59:32 1 4096 65614610 13942142 35770428 27 270972 16421984 140825 0 6088 0 0 2097152 0 0
SEP
MEM comp06 1608321573 2020/12/18 14:59:33 1 4096 65614610 13847837 35864580 27 271190 16392182 141057 0 6088 0 0 2097152 0 0
SEP
MEM comp06 1608321574 2020/12/18 14:59:34 1 4096 65614610 13751378 35961115 27 271408 16362467 141225 0 6088 0 0 2097152 0 0
SEP
MEM comp06 1608321575 2020/12/18 14:59:35 1 4096 65614610 13650783 36061138 27 271614 16338998 141481 0 6088 0 0 2097152 0 0
SEP
MEM comp06 1608321576 2020/12/18 14:59:36 1 4096 65614610 13547747 36163818 27 271876 16315290 141729 0 6088 0 0 2097152 0 0
SEP
MEM comp06 1608321577 2020/12/18 14:59:37 1 4096 65614610 13443658 36267778 27 272120 16292646 141945 0 6088 0 0 2097152 0 0
SEP
MEM comp06 1608321578 2020/12/18 14:59:38 1 4096 65614610 13338164 36372719 27 272340 16279637 142185 0 6088 0 0 2097152 0 0
SEP
MEM comp06 1608321579 2020/12/18 14:59:39 1 4096 65614610 13231493 36479602 27 272532 16261390 142393 0 6088 0 0 2097152 0 0
SEP
MEM comp06 1608321580 2020/12/18 14:59:40 1 4096 65614610 13120584 36590388 27 272846 16245344 142673 0 6088 0 0 2097152 0 0
SEP
MEM comp06 1608321581 2020/12/18 14:59:41 1 4096 65614610 13011735 36698421 27 273118 16231568 142937 0 6088 0 0 2097152 0 0
SEP
MEM comp06 1608321582 2020/12/18 14:59:42 1 4096 65614610 12899648 36810955 27 273352 16216955 143177 0 6088 0 0 2097152 0 0
SEP
MEM comp06 1608321583 2020/12/18 14:59:43 1 4096 65614610 12786225 36923684 27 273642 16205704 143441 0 6088 0 0 2097152 0 0
SEP
MEM comp06 1608321584 2020/12/18 14:59:44 1 4096 65614610 12671880 37038600 27 273800 16192704 143609 0 6088 0 0 2097152 0 0
SEP
MEM comp06 1608321585 2020/12/18 14:59:45 1 4096 65614610 12556053 37152625 27 274136 16184069 143945 0 6088 0 0 2097152 0 0
SEP
MEM comp06 1608321586 2020/12/18 14:59:46 1 4096 65614610 12439175 37269286 27 274438 16181881 144241 0 6088 0 0 2097152 0 0
SEP
MEM comp06 1608321587 2020/12/18 14:59:47 1 4096 65614610 12321613 37386967 27 274708 16172151 144481 0 6088 0 0 2097152 0 0
SEP
MEM comp06 1608321588 2020/12/18 14:59:48 1 4096 65614610 12203452 37504768 27 275002 16163544 144761 0 6088 0 0 2097152 0 0
SEP
MEM comp06 1608321589 2020/12/18 14:59:49 1 4096 65614610 12086756 37621681 27 275188 16159239 144945 0 6088 0 0 2097152 0 0
SEP
MEM comp06 1608321590 2020/12/18 14:59:50 1 4096 65614610 11967818 37739593 27 275488 16155903 145273 0 6088 0 0 2097152 0 0
SEP
MEM comp06 1608321591 2020/12/18 14:59:51 1 4096 65614610 11849011 37858281 27 275754 16159872 145585 0 6088 0 0 2097152 0 0
SEP
MEM comp06 1608321592 2020/12/18 14:59:52 1 4096 65614610 11730884 37976299 27 275986 16159503 145817 0 6088 0 0 2097152 0 0
SEP
MEM comp06 1608321593 2020/12/18 14:59:53 1 4096 65614610 11613361 38093735 27 276266 16158989 146105 0 6088 0 0 2097152 0 0
SEP
MEM comp06 1608321594 2020/12/18 14:59:54 1 4096 65614610 11497418 38209282 27 276472 16162658 146337 0 6088 0 0 2097152 0 0
SEP
MEM comp06 1608321595 2020/12/18 14:59:55 1 4096 65614610 11381249 38324974 27 276720 16154812 146553 0 6088 0 0 2097152 0 0
SEP
MEM comp06 1608321596 2020/12/18 14:59:56 1 4096 65614610 11262948 38443206 27 277016 16149736 146881 0 6088 0 0 2097152 0 0
SEP
MEM comp06 1608321597 2020/12/18 14:59:57 1 4096 65614610 11146341 38559488 27 277414 16158109 147145 0 6088 0 0 2097152 0 0
SEP
MEM comp06 1608321598 2020/12/18 14:59:58 1 4096 65614610 11030030 38675677 27 277666 16159852 147433 0 6088 0 0 2097152 0 0
SEP
MEM comp06 1608321599 2020/12/18 14:59:59 1 4096 65614610 10914619 38790761 27 277926 16151560 147665 0 6088 0 0 2097152 0 0
SEP
MEM comp06 1608321600 2020/12/18 15:00:00 1 4096 65614610 10799395 38905712 27 278114 16143833 147841 0 6088 0 0 2097152 0 0
SEP
MEM comp06 1608321601 2020/12/18 15:00:01 1 4096 65614610 10681895 39022812 27 278440 16142134 148185 0 6088 0 0 2097152 0 0
SEP
MEM comp06 1608321602 2020/12/18 15:00:02 1 4096 65614610 10564175 39140176 27 278726 16137707 148457 0 6088 0 0 2097152 0 0
SEP
MEM comp06 1608321603 2020/12/18 15:00:03 1 4096 65614610 10447182 39256900 27 278982 16133371 148721 0 6088 0 0 2097152 0 0
SEP
MEM comp06 1608321604 2020/12/18 15:00:04 1 4096 65614610 10329149 39374656 27 279282 16131977 149001 0 6088 0 0 2097152 0 0
SEP
MEM comp06 1608321605 2020/12/18 15:00:05 1 4096 65614610 10212186 39491873 27 279458 16135676 149217 0 6088 0 0 2097152 0 0
SEP
MEM comp06 1608321606 2020/12/18 15:00:06 1 4096 65614610 10095060 39608382 27 279760 16136183 149513 0 6088 0 0 2097152 0 0
SEP
MEM comp06 1608321607 2020/12/18 15:00:07 1 4096 65614610 9978807 39724382 27 280038 16129914 149809 0 6088 0 0 2097152 0 0
SEP
MEM comp06 1608321608 2020/12/18 15:00:08 1 4096 65614610 9861602 39841574 27 280300 16121417 150049 0 6088 0 0 2097152 0 0
SEP
MEM comp06 1608321609 2020/12/18 15:00:09 1 4096 65614610 9742380 39960254 27 280600 16116949 150329 0 6088 0 0 2097152 0 0
SEP
MEM comp06 1608321610 2020/12/18 15:00:10 1 4096 65614610 9623663 40078727 27 280898 16112482 150625 0 6088 0 0 2097152 0 0
SEP
MEM comp06 1608321611 2020/12/18 15:00:11 1 4096 65614610 9505416 40196731 27 281082 16113688 150841 0 6088 0 0 2097152 0 0
SEP
MEM comp06 1608321612 2020/12/18 15:00:12 1 4096 65614610 9386071 40315813 27 281414 16107395 151145 0 6088 0 0 2097152 0 0
SEP
MEM comp06 1608321613 2020/12/18 15:00:13 1 4096 65614610 9266916 40434693 27 281661 16103912 151393 0 6088 0 0 2097152 0 0
SEP
MEM comp06 1608321614 2020/12/18 15:00:14 1 4096 65614610 9147801 40553539 27 281931 16104474 151681 0 6088 0 0 2097152 0 0
SEP
MEM comp06 1608321615 2020/12/18 15:00:15 1 4096 65614610 9411335 40683353 27 282231 16109776 151977 0 6088 0 0 2097152 0 0
SEP
MEM comp06 1608321616 2020/12/18 15:00:16 1 4096 65614610 8888643 40812251 27 282516 16113782 152257 0 6088 0 0 2097152 0 0
SEP
MEM comp06 1608321617 2020/12/18 15:00:17 1 4096 65614610 8762377 40938016 27 282868 16112203 152545 0 6088 0 0 2097152 0 0
SEP
MEM comp06 1608321618 2020/12/18 15:00:18 1 4096 65614610 8686810 41067365 27 282976 16120918 152825 0 6088 0 0 2097152 0 0
SEP
MEM comp06 1608321619 2020/12/18 15:00:19 1 4096 65614610 8511666 41188231 27 283380 16130990 153121 0 6088 0 0 2097152 0 0
SEP
MEM comp06 1608321620 2020/12/18 15:00:20 1 4096 65614610 8392710 41306674 27 283536 16133669 153313 0 6088 0 0 2097152 0 0
SEP
MEM comp06 1608321621 2020/12/18 15:00:21 1 4096 65614610 8273834 41425742 27 283858 16137813 153617 0 6088 0 0 2097152 0 0
SEP
MEM comp06 1608321622 2020/12/18 15:00:22 1 4096 65614610 8154892 41543994 27 284086 16141857 153841 0 6088 0 0 2097152 0 0
SEP
MEM comp06 1608321623 2020/12/18 15:00:23 1 4096 65614610 8037224 41661501 27 284372 16141980 154185 0 6088 0 0 2097152 0 0
SEP
MEM comp06 1608321624 2020/12/18 15:00:24 1 4096 65614610 7914151 41784368 27 284702 16141233 154489 0 6088 0 0 2097152 0 0
SEP
MEM comp06 1608321625 2020/12/18 15:00:25 1 4096 65614610 7794744 41903472 27 284934 16144333 154745 0 6088 0 0 2097152 0 0
SEP
MEM comp06 1608321626 2020/12/18 15:00:26 1 4096 65614610 7674658 42023284 27 285236 16141707 155017 0 6088 0 0 2097152 0 0
SEP
MEM comp06 1608321627 2020/12/18 15:00:27 1 4096 65614610 7556335 42141328 27 285468 16142521 155265 0 6088 0 0 2097152 0 0
SEP
MEM comp06 1608321628 2020/12/18 15:00:28 1 4096 65614610 7438277 42259232 27 285810 16141494 155577 0 6088 0 0 2097152 0 0
SEP
MEM comp06 1608321629 2020/12/18 15:00:29 1 4096 65614610 7321396 42375968 27 286064 16135746 155833 0 6088 0 0 2097152 0 0
SEP
MEM comp06 1608321630 2020/12/18 15:00:30 1 4096 65614610 7204746 42492005 27 286304 16136955 156089 0 6088 0 0 2097152 0 0
SEP
MEM comp06 1608321631 2020/12/18 15:00:31 1 4096 65614610 7089329 42607369 27 286550 16138477 156345 0 6088 0 0 2097152 0 0
SEP
MEM comp06 1608321632 2020/12/18 15:00:32 1 4096 65614610 7205534 42732962 27 286792 16143114 156609 0 6088 0 0 2097152 0 0
SEP
MEM comp06 1608321633 2020/12/18 15:00:33 1 4096 65614610 6841951 42854278 27 287076 16150306 156905 0 6088 0 0 2097152 0 0
SEP
MEM comp06 1608321634 2020/12/18 15:00:34 1 4096 65614610 6723879 42971739 27 287358 16147125 157161 0 6088 0 0 2097152 0 0
SEP
MEM comp06 1608321635 2020/12/18 15:00:35 1 4096 65614610 6606611 43088945 27 287628 16142919 157425 0 6088 0 0 2097152 0 0
SEP
MEM comp06 1608321636 2020/12/18 15:00:36 1 4096 65614610 6490694 43204691 27 287870 16140279 157697 0 6088 0 0 2097152 0 0
SEP
MEM comp06 1608321637 2020/12/18 15:00:37 1 4096 65614610 6374357 43320831 27 288152 16139789 157953 0 6088 0 0 2097152 0 0
SEP
MEM comp06 1608321638 2020/12/18 15:00:38 1 4096 65614610 6255400 43439600 27 288394 16142670 158201 0 6088 0 0 2097152 0 0
SEP
MEM comp06 1608321639 2020/12/18 15:00:39 1 4096 65614610 6136726 43558086 27 288670 16143790 158481 0 6088 0 0 2097152 0 0
SEP
MEM comp06 1608321640 2020/12/18 15:00:40 1 4096 65614610 6020266 43674061 27 288918 16139301 158761 0 6088 0 0 2097152 0 0
SEP
MEM comp06 1608321641 2020/12/18 15:00:41 1 4096 65614610 5903714 43790254 27 289230 16137676 159033 0 6088 0 0 2097152 0 0
SEP
MEM comp06 1608321642 2020/12/18 15:00:42 1 4096 65614610 5786899 43906764 27 289462 16133412 159297 0 6088 0 0 2097152 0 0
SEP
MEM comp06 1608321643 2020/12/18 15:00:43 1 4096 65614610 5670871 44022958 27 289690 16124275 159489 0 6088 0 0 2097152 0 0
SEP
MEM comp06 1608321644 2020/12/18 15:00:44 1 4096 65614610 5554103 44139191 27 289934 16126965 159745 0 6088 0 0 2097152 0 0
SEP
MEM comp06 1608321645 2020/12/18 15:00:45 1 4096 65614610 5437777 44255106 27 290264 16123872 160065 0 6088 0 0 2097152 0 0
SEP
MEM comp06 1608321646 2020/12/18 15:00:46 1 4096 65614610 5321642 44371068 27 290500 16119330 160329 0 6088 0 0 2097152 0 0
SEP
MEM comp06 1608321647 2020/12/18 15:00:47 1 4096 65614610 5205531 44486825 27 290804 16120575 160609 0 6088 0 0 2097152 0 0
SEP
MEM comp06 1608321648 2020/12/18 15:00:48 1 4096 65614610 5090547 44601763 27 291028 16119567 160857 0 6088 0 0 2097152 0 0
SEP
MEM comp06 1608321649 2020/12/18 15:00:49 1 4096 65614610 5350993 44726029 27 291315 16124131 161153 0 6088 0 0 2097152 0 0
SEP
MEM comp06 1608321650 2020/12/18 15:00:50 1 4096 65614610 4840837 44850870 27 291593 16133870 161425 0 6088 0 0 2097152 0 0
SEP
MEM comp06 1608321651 2020/12/18 15:00:51 1 4096 65614610 4719814 44971540 27 291825 16138366 161681 0 6088 0 0 2097152 0 0
SEP
MEM comp06 1608321652 2020/12/18 15:00:52 1 4096 65614610 4602380 45088905 27 292135 16142363 161969 0 6088 0 0 2097152 0 0
SEP
MEM comp06 1608321653 2020/12/18 15:00:53 1 4096 65614610 4486921 45203955 27 292377 16142867 162241 0 6088 0 0 2097152 0 0
SEP
MEM comp06 1608321654 2020/12/18 15:00:54 1 4096 65614610 4370515 45319642 27 292635 16142207 162481 0 6088 0 0 2097152 0 0
SEP
MEM comp06 1608321655 2020/12/18 15:00:55 1 4096 65614610 4253232 45436913 27 293053 16145932 162761 0 6088 0 0 2097152 0 0
SEP
MEM comp06 1608321656 2020/12/18 15:00:56 1 4096 65614610 4136132 45553818 27 293309 16150715 163009 0 6088 0 0 2097152 0 0
SEP
MEM comp06 1608321657 2020/12/18 15:00:57 1 4096 65614610 4021136 45668530 27 293527 16152805 163273 0 6088 0 0 2097152 0 0
SEP
MEM comp06 1608321658 2020/12/18 15:00:58 1 4096 65614610 3906422 45782803 27 293679 16160980 163529 0 6088 0 0 2097152 0 0
SEP
MEM comp06 1608321659 2020/12/18 15:00:59 1 4096 65614610 3793096 45896020 27 293955 16166508 163801 0 6088 0 0 2097152 0 0
SEP
MEM comp06 1608321660 2020/12/18 15:01:00 1 4096 65614610 3682835 46006099 27 294199 16163827 164033 0 6088 0 0 2097152 0 0
SEP
MEM comp06 1608321661 2020/12/18 15:01:01 1 4096 65614610 3572773 46115833 27 294480 16165119 164305 0 6088 0 0 2097152 0 0
SEP
MEM comp06 1608321662 2020/12/18 15:01:02 1 4096 65614610 3463551 46224806 27 294800 16160351 164529 0 6088 0 0 2097152 0 0
SEP
MEM comp06 1608321663 2020/12/18 15:01:03 1 4096 65614610 3355024 46332825 27 295126 16166025 164753 0 6088 0 0 2097152 0 0
SEP
MEM comp06 1608321664 2020/12/18 15:01:04 1 4096 65614610 3250394 46437728 27 295236 16205069 164985 0 6088 0 0 2097152 0 0
SEP
MEM comp06 1608321665 2020/12/18 15:01:05 1 4096 65614610 3277880 46548569 27 295472 16247660 165233 0 6088 0 0 2097152 0 0
SEP
MEM comp06 1608321666 2020/12/18 15:01:06 1 4096 65614610 3035886 46651599 27 295702 16236316 165449 0 6088 0 0 2097152 0 0
SEP
MEM comp06 1608321667 2020/12/18 15:01:07 1 4096 65614610 2932291 46754811 27 296074 16212563 165681 0 6088 0 0 2097152 0 0
SEP
MEM comp06 1608321668 2020/12/18 15:01:08 1 4096 65614610 2828704 46858266 27 296104 16193623 165865 0 6088 0 0 2097152 0 0
SEP
MEM comp06 1608321669 2020/12/18 15:01:09 1 4096 65614610 2723725 46962816 27 296478 16171916 166153 0 6088 0 0 2097152 0 0
SEP
MEM comp06 1608321670 2020/12/18 15:01:10 1 4096 65614610 2616107 47070532 27 296728 16162424 166385 0 6088 0 0 2097152 0 0
SEP
MEM comp06 1608321671 2020/12/18 15:01:11 1 4096 65614610 2504415 47181763 27 296884 16145107 166649 0 6088 0 0 2097152 0 0
SEP
MEM comp06 1608321672 2020/12/18 15:01:12 1 4096 65614610 2392927 47293304 27 297190 16132316 166897 0 6088 0 0 2097152 0 0
SEP
MEM comp06 1608321673 2020/12/18 15:01:13 1 4096 65614610 2280740 47404873 27 297412 16130553 167081 0 6088 0 0 2097152 0 0
SEP
MEM comp06 1608321674 2020/12/18 15:01:14 1 4096 65614610 2763288 47520267 27 297792 16119011 167409 0 6088 0 0 2097152 0 0
SEP
MEM comp06 1608321675 2020/12/18 15:01:15 1 4096 65614610 2040299 47645083 27 297978 16116729 167705 0 6088 0 0 2097152 0 0
SEP
MEM comp06 1608321676 2020/12/18 15:01:16 1 4096 65614610 2199319 47765017 27 298174 16123807 167961 0 6088 0 0 2097152 0 0
SEP
MEM comp06 1608321677 2020/12/18 15:01:17 1 4096 65614610 1806956 47877789 27 298468 16125239 168225 0 6088 0 0 2097152 0 0
SEP
MEM comp06 1608321678 2020/12/18 15:01:18 1 4096 65614610 1696337 47988121 27 298622 16117718 168385 0 6088 0 0 2097152 0 0
SEP
MEM comp06 1608321679 2020/12/18 15:01:19 1 4096 65614610 1819093 48101968 27 298962 16123624 168729 0 6088 0 0 2097152 0 0
SEP
MEM comp06 1608321680 2020/12/18 15:01:20 1 4096 65614610 1470164 48214140 27 299152 16118518 168905 0 6088 0 0 2097152 0 0
SEP
MEM comp06 1608321681 2020/12/18 15:01:21 1 4096 65614610 1669103 48329567 27 299520 16109007 169265 0 6088 0 0 2097152 0 0
SEP
MEM comp06 1608321682 2020/12/18 15:01:22 1 4096 65614610 1239818 48443511 27 299792 16105743 169529 0 6088 0 0 2097152 0 0
SEP
MEM comp06 1608321683 2020/12/18 15:01:23 1 4096 65614610 1128682 48555071 27 299940 16095630 169681 0 6088 0 0 2097152 0 0
SEP
MEM comp06 1608321684 2020/12/18 15:01:24 1 4096 65614610 1398121 48670207 27 300276 16095815 170009 0 6088 0 0 2097152 0 0
SEP
MEM comp06 1608321685 2020/12/18 15:01:25 1 4096 65614610 1227314 48796671 27 300564 16100647 170265 0 6088 0 0 2097152 0 0
SEP
MEM comp06 1608321686 2020/12/18 15:01:26 1 4096 65614610 1210679 48917340 27 300869 16096380 170539 0 6088 0 0 2097152 0 0
SEP
MEM comp06 1608321687 2020/12/18 15:01:27 1 4096 65614610 2942225 49025986 27 301167 16090912 170819 0 6088 0 0 2097152 0 0
SEP
MEM comp06 1608321688 2020/12/18 15:01:28 1 4096 65614610 1005846 49148467 27 301451 16092137 171091 0 6088 0 0 2097152 0 0
SEP
MEM comp06 1608321689 2020/12/18 15:01:29 1 4096 65614610 419918 49261822 27 301795 16087837 171389 0 6088 0 0 2097152 0 0
SEP
MEM comp06 1608321690 2020/12/18 15:01:30 1 4096 65614610 1762278 49386933 27 302083 16094296 171645 0 6088 0 0 2097152 0 0
SEP
MEM comp06 1608321691 2020/12/18 15:01:31 1 4096 65614610 1618496 49530556 27 302403 16119417 171997 0 6088 0 0 2097152 0 0
SEP
MEM comp06 1608321692 2020/12/18 15:01:32 1 4096 65614610 1446997 49701761 27 302805 16177948 172389 0 6088 0 0 2097152 0 0
SEP
MEM comp06 1608321693 2020/12/18 15:01:33 1 4096 65614610 1261320 49887384 27 303067 16248953 172669 0 6088 0 0 2097152 0 0
SEP
MEM comp06 1608321694 2020/12/18 15:01:34 1 4096 65614610 1055847 50092197 27 303687 16331207 173253 0 6088 0 0 2097152 0 0
SEP
MEM comp06 1608321695 2020/12/18 15:01:35 1 4096 65614610 859765 50287555 27 303993 16401626 173701 0 6088 0 0 2097152 0 0
SEP
MEM comp06 1608321696 2020/12/18 15:01:36 1 4096 65614610 676781 50470731 27 304431 16464298 174149 0 6088 0 0 2097152 0 0
SEP
MEM comp06 1608321697 2020/12/18 15:01:37 1 4096 65614610 504474 50642345 27 304819 16510268 174525 0 6088 0 0 2097152 0 0
SEP
MEM comp06 1608321698 2020/12/18 15:01:38 1 4096 65614610 340456 50805918 27 305219 16553855 174909 0 6088 0 0 2097152 0 0
SEP
MEM comp06 1608321699 2020/12/18 15:01:39 1 4096 65614610 295867 50851477 27 304829 16589264 174523 0 6088 0 0 2097152 0 0
SEP
MEM comp06 1608321700 2020/12/18 15:01:40 1 4096 65614610 295721 50851083 27 305289 16622332 174995 0 6088 0 0 2097152 0 0
SEP
MEM comp06 1608321701 2020/12/18 15:01:41 1 4096 65614610 290463 50855708 27 305579 16646463 175253 0 6088 0 0 2097152 0 0
SEP
MEM comp06 1608321702 2020/12/18 15:01:42 1 4096 65614610 280977 50864494 27 306211 16657157 175855 0 6088 0 0 2097152 0 0
SEP
MEM comp06 1608321703 2020/12/18 15:01:43 1 4096 65614610 245352 50900286 27 306287 16664275 175935 0 6088 0 0 2097152 0 0
SEP
MEM comp06 1608321704 2020/12/18 15:01:44 1 4096 65614610 259380 50885283 27 306849 16673277 176461 0 6088 0 0 2097152 0 0
SEP
MEM comp06 1608321705 2020/12/18 15:01:45 1 4096 65614610 250276 50894357 27 307189 16675928 176789 0 6088 0 0 2097152 0 0
SEP
MEM comp06 1608321706 2020/12/18 15:01:46 1 4096 65614610 255695 50889319 27 307455 16681846 177077 0 6088 0 0 2097152 0 0
SEP
MEM comp06 1608321707 2020/12/18 15:01:47 1 4096 65614610 254848 50889459 27 307785 16675009 177373 0 6088 0 0 2097152 0 0
SEP
MEM comp06 1608321708 2020/12/18 15:01:48 1 4096 65614610 248977 50895015 27 308049 16668099 177637 0 6088 0 0 2097152 0 0
SEP
MEM comp06 1608321709 2020/12/18 15:01:49 1 4096 65614610 263941 50880252 27 308243 16669782 177837 0 6088 0 0 2097152 0 0
SEP
MEM comp06 1608321710 2020/12/18 15:01:50 1 4096 65614610 247956 50895753 27 308519 16669231 178133 0 6088 0 0 2097152 0 0
SEP
MEM comp06 1608321711 2020/12/18 15:01:51 1 4096 65614610 249395 50893926 27 308839 16661621 178429 0 6088 0 0 2097152 0 0
SEP
MEM comp06 1608321712 2020/12/18 15:01:52 1 4096 65614610 262496 50880254 27 309125 16650221 178685 0 6088 0 0 2097152 0 0
SEP
MEM comp06 1608321713 2020/12/18 15:01:53 1 4096 65614610 260339 50882658 27 309189 16641458 178925 0 6088 0 0 2097152 0 0
SEP
MEM comp06 1608321714 2020/12/18 15:01:54 1 4096 65614610 260496 50881910 27 309459 16641275 179197 0 6088 0 0 2097152 0 0
SEP
MEM comp06 1608321715 2020/12/18 15:01:55 1 4096 65614610 243384 50898869 27 309925 16645239 179485 0 6088 0 0 2097152 0 0
SEP
MEM comp06 1608321716 2020/12/18 15:01:56 1 4096 65614610 258212 50883698 27 310203 16636740 179749 0 6088 0 0 2097152 0 0
SEP
MEM comp06 1608321717 2020/12/18 15:01:57 1 4096 65614610 259610 50882046 27 310243 16629457 179973 0 6088 0 0 2097152 0 0
SEP
MEM comp06 1608321718 2020/12/18 15:01:58 1 4096 65614610 254587 50886772 27 310529 16623240 180253 0 6088 0 0 2097152 0 0
SEP
MEM comp06 1608321719 2020/12/18 15:01:59 1 4096 65614610 255226 50885923 27 310807 16620151 180525 0 6088 0 0 2097152 0 0
SEP
MEM comp06 1608321720 2020/12/18 15:02:00 1 4096 65614610 250271 50890698 27 311019 16617977 180749 0 6088 0 0 2097152 0 0
SEP
MEM comp06 1608321721 2020/12/18 15:02:01 1 4096 65614610 250299 50890255 27 311303 16618013 181029 0 6088 0 0 2097152 0 0
SEP
MEM comp06 1608321722 2020/12/18 15:02:02 1 4096 65614610 263239 50877263 27 311593 16615622 181317 0 6088 0 0 2097152 0 0
SEP
MEM comp06 1608321723 2020/12/18 15:02:03 1 4096 65614610 245874 50894168 27 311857 16612695 181589 0 6088 0 0 2097152 0 0
SEP
MEM comp06 1608321724 2020/12/18 15:02:04 1 4096 65614610 260454 50879667 27 312101 16603437 181813 0 6088 0 0 2097152 0 0
SEP
MEM comp06 1608321725 2020/12/18 15:02:05 1 4096 65614610 241411 50898895 27 312307 16598597 181989 0 6088 0 0 2097152 0 0
SEP
MEM comp06 1608321726 2020/12/18 15:02:06 1 4096 65614610 294453 50844788 27 312709 16596153 182381 0 6088 0 0 2097152 0 0
SEP
MEM comp06 1608321727 2020/12/18 15:02:07 1 4096 65614610 305789 50833259 27 312987 16594081 182671 0 6088 0 0 2097152 0 0
SEP
MEM comp06 1608321728 2020/12/18 15:02:08 1 4096 65614610 224966 50914552 27 313219 16594530 182879 0 6088 0 0 2097152 0 0
SEP
MEM comp06 1608321729 2020/12/18 15:02:09 1 4096 65614610 243134 50895263 27 313475 16592407 183159 0 6088 0 0 2097152 0 0
SEP
MEM comp06 1608321730 2020/12/18 15:02:10 1 4096 65614610 255147 50883365 27 313773 16594813 183463 0 6088 0 0 2097152 0 0
SEP
MEM comp06 1608321731 2020/12/18 15:02:11 1 4096 65614610 223686 50914385 27 314039 16594638 183751 0 6088 0 0 2097152 0 0
SEP
MEM comp06 1608321732 2020/12/18 15:02:12 1 4096 65614610 229639 50908358 27 314309 16587998 183999 0 6088 0 0 2097152 0 0
SEP
MEM comp06 1608321733 2020/12/18 15:02:13 1 4096 65614610 296940 50840803 27 314573 16588030 184247 0 6088 0 0 2097152 0 0
SEP
MEM comp06 1608321734 2020/12/18 15:02:14 1 4096 65614610 296637 50840981 27 314821 16584102 184519 0 6088 0 0 2097152 0 0
SEP
MEM comp06 1608321735 2020/12/18 15:02:15 1 4096 65614610 889939 50980696 27 315183 16597890 184855 0 6088 0 0 2097152 0 0
SEP
MEM comp06 1608321736 2020/12/18 15:02:16 1 4096 65614610 751687 51118780 27 315423 16614443 185095 0 6088 0 0 2097152 0 0
SEP
MEM comp06 1608321737 2020/12/18 15:02:17 1 4096 65614610 1330004 51274039 27 315833 16650005 185503 0 6088 0 0 2097152 0 0
SEP
MEM comp06 1608321738 2020/12/18 15:02:18 1 4096 65614610 1175457 51428265 27 316211 16683857 185879 0 6088 0 0 2097152 0 0
SEP
MEM comp06 1608321739 2020/12/18 15:02:19 1 4096 65614610 1025537 51578239 27 316401 16708095 186063 0 6088 0 0 2097152 0 0
SEP
MEM comp06 1608321740 2020/12/18 15:02:20 1 4096 65614610 875739 51727219 27 316923 16732001 186559 0 6088 0 0 2097152 0 0
SEP
MEM comp06 1608321741 2020/12/18 15:02:21 1 4096 65614610 732074 51870517 27 317099 16756193 186727 0 6088 0 0 2097152 0 0
SEP
MEM comp06 1608321742 2020/12/18 15:02:22 1 4096 65614610 591623 52010861 27 317511 16780549 187175 0 6088 0 0 2097152 0 0
SEP
MEM comp06 1608321743 2020/12/18 15:02:23 1 4096 65614610 453483 52148653 27 317755 16799395 187463 0 6088 0 0 2097152 0 0
SEP
MEM comp06 1608321744 2020/12/18 15:02:24 1 4096 65614610 316938 52285435 27 317995 16825303 187711 0 6088 0 0 2097152 0 0
SEP
MEM comp06 1608321745 2020/12/18 15:02:25 1 4096 65614610 284996 52316514 27 318397 16841082 188071 0 6088 0 0 2097152 0 0
SEP
MEM comp06 1608321746 2020/12/18 15:02:26 1 4096 65614610 896301 52438746 27 318745 16863942 188439 0 6088 0 0 2097152 0 0
SEP
MEM comp06 1608321747 2020/12/18 15:02:27 1 4096 65614610 747900 52587126 27 318925 16893504 188615 0 6088 0 0 2097152 0 0
SEP
MEM comp06 1608321748 2020/12/18 15:02:28 1 4096 65614610 603759 52730728 27 319607 16918112 189111 0 6088 0 0 2097152 0 0
SEP
MEM comp06 1608321749 2020/12/18 15:02:29 1 4096 65614610 463531 52871005 27 319697 16948671 189263 0 6088 0 0 2097152 0 0
SEP
MEM comp06 1608321750 2020/12/18 15:02:30 1 4096 65614610 323182 53010874 27 320139 16977931 189743 0 6088 0 0 2097152 0 0
SEP
MEM comp06 1608321751 2020/12/18 15:02:31 1 4096 65614610 283217 53050416 27 320429 16993883 189999 0 6088 0 0 2097152 0 0
SEP
MEM comp06 1608321752 2020/12/18 15:02:32 1 4096 65614610 283841 53049675 27 320671 17016467 190255 0 6088 0 0 2097152 0 0
SEP
MEM comp06 1608321753 2020/12/18 15:02:33 1 4096 65614610 267710 53065206 27 321013 17029308 190631 0 6088 0 0 2097152 0 0
SEP
MEM comp06 1608321754 2020/12/18 15:02:34 1 4096 65614610 250809 53081336 27 321363 17037613 190951 0 6088 0 0 2097152 0 0
SEP
MEM comp06 1608321755 2020/12/18 15:02:35 1 4096 65614610 237867 53094312 27 321653 17040873 191191 0 6088 0 0 2097152 0 0
SEP
MEM comp06 1608321756 2020/12/18 15:02:36 1 4096 65614610 223023 53109346 27 321989 17044006 191519 0 6088 0 0 2097152 0 0
SEP
MEM comp06 1608321757 2020/12/18 15:02:37 1 4096 65614610 938910 53126666 27 322319 17060753 191847 0 6088 0 0 2097152 0 0
SEP
MEM comp06 1608321758 2020/12/18 15:02:38 1 4096 65614610 793911 53271396 27 322619 17093451 192167 0 6088 0 0 2097152 0 0
SEP
MEM comp06 1608321759 2020/12/18 15:02:39 1 4096 65614610 652481 53412446 27 322961 17114239 192487 0 6088 0 0 2097152 0 0
SEP
MEM comp06 1608321760 2020/12/18 15:02:40 1 4096 65614610 511057 53553365 27 323257 17145664 192807 0 6088 0 0 2097152 0 0
SEP
MEM comp06 1608321761 2020/12/18 15:02:41 1 4096 65614610 373713 53690674 27 323507 17169745 193127 0 6088 0 0 2097152 0 0
SEP
MEM comp06 1608321762 2020/12/18 15:02:42 1 4096 65614610 237861 53826319 27 323847 17178930 193431 0 6088 0 0 2097152 0 0
SEP
MEM comp06 1608321763 2020/12/18 15:02:43 1 4096 65614610 258163 53805594 27 324195 17190510 193743 0 6088 0 0 2097152 0 0
SEP
MEM comp06 1608321764 2020/12/18 15:02:44 1 4096 65614610 247950 53815343 27 324517 17202090 194047 0 6088 0 0 2097152 0 0
SEP
MEM comp06 1608321765 2020/12/18 15:02:45 1 4096 65614610 296990 53766072 27 324687 17216000 194351 0 6088 0 0 2097152 0 0
SEP
MEM comp06 1608321766 2020/12/18 15:02:46 1 4096 65614610 1012517 53784143 27 324973 17230070 194663 0 6088 0 0 2097152 0 0
SEP
MEM comp06 1608321767 2020/12/18 15:02:47 1 4096 65614610 865110 53931412 27 325233 17250895 194943 0 6088 0 0 2097152 0 0
SEP
MEM comp06 1608321768 2020/12/18 15:02:48 1 4096 65614610 717107 54079208 27 325609 17276795 195311 0 6088 0 0 2097152 0 0
SEP
MEM comp06 1608321769 2020/12/18 15:02:49 1 4096 65614610 568804 54227162 27 325951 17300213 195647 0 6088 0 0 2097152 0 0
SEP
MEM comp06 1608321770 2020/12/18 15:02:50 1 4096 65614610 423633 54372018 27 326281 17324359 195967 0 6088 0 0 2097152 0 0
SEP
MEM comp06 1608321771 2020/12/18 15:02:51 1 4096 65614610 279482 54515968 27 326509 17344289 196167 0 6088 0 0 2097152 0 0
SEP
MEM comp06 1608321772 2020/12/18 15:02:52 1 4096 65614610 861558 54667521 27 326949 17369341 196615 0 6088 0 0 2097152 0 0
SEP
MEM comp06 1608321773 2020/12/18 15:02:53 1 4096 65614610 1429179 54833216 27 327373 17414361 197023 0 6088 0 0 2097152 0 0
SEP
MEM comp06 1608321774 2020/12/18 15:02:54 1 4096 65614610 1985422 55010350 27 327627 17473011 197295 0 6088 0 0 2097152 0 0
SEP
MEM comp06 1608321775 2020/12/18 15:02:55 1 4096 65614610 2534559 55194794 27 328153 17535377 197839 0 6088 0 0 2097152 0 0
SEP
MEM comp06 1608321776 2020/12/18 15:02:56 1 4096 65614610 2335273 55393594 27 328613 17617117 198279 0 6088 0 0 2097152 0 0
SEP
MEM comp06 1608321777 2020/12/18 15:02:57 1 4096 65614610 5064050 55599985 27 329009 17701548 198687 0 6088 0 0 2097152 0 0
SEP
