RESET
MEM comp06 1608320665 2020/12/18 14:44:25 1486301 4096 65614610 65192704 24899 27 181809 1 56042 0 6062 0 0 2097152 0 0
SEP
MEM comp06 1608320666 2020/12/18 14:44:26 1 4096 65614610 64905156 171649 27 183453 5 57388 0 6062 0 0 2097152 0 0
SEP
MEM comp06 1608320667 2020/12/18 14:44:27 1 4096 65614610 64628483 309889 27 183777 5 57700 0 6062 0 0 2097152 0 0
SEP
MEM comp06 1608320668 2020/12/18 14:44:28 1 4096 65614610 64351980 447105 27 184073 5 57980 0 6062 0 0 2097152 0 0
SEP
MEM comp06 1608320669 2020/12/18 14:44:29 1 4096 65614610 64076458 585345 27 184367 5 58284 0 6062 0 0 2097152 0 0
SEP
MEM comp06 1608320670 2020/12/18 14:44:30 1 4096 65614610 63799932 723125 27 184693 2 58604 0 6062 0 0 2097152 0 0
SEP
MEM comp06 1608320671 2020/12/18 14:44:31 1 4096 65614610 63522896 860801 27 184987 2 58916 0 6062 0 0 2097152 0 0
SEP
MEM comp06 1608320672 2020/12/18 14:44:32 1 4096 65614610 63247316 999041 27 185331 2 59236 0 6062 0 0 2097152 0 0
SEP
MEM comp06 1608320673 2020/12/18 14:44:33 1 4096 65614610 62970777 1137281 27 185619 2 59540 0 6062 0 0 2097152 0 0
SEP
MEM comp06 1608320674 2020/12/18 14:44:34 1 4096 65614610 62694742 1274497 27 185941 2 59852 0 6062 0 0 2097152 0 0
SEP
MEM comp06 1608320675 2020/12/18 14:44:35 1 4096 65614610 62418173 1412737 27 186237 2 60164 0 6062 0 0 2097152 0 0
SEP
MEM comp06 1608320676 2020/12/18 14:44:36 1 4096 65614610 62141627 1550977 27 186567 2 60492 0 6062 0 0 2097152 0 0
SEP
MEM comp06 1608320677 2020/12/18 14:44:37 1 4096 65614610 61865624 1688193 27 186873 2 60788 0 6062 0 0 2097152 0 0
SEP
MEM comp06 1608320678 2020/12/18 14:44:38 1 4096 65614610 61589066 1826433 27 187187 2 61116 0 6062 0 0 2097152 0 0
SEP
MEM comp06 1608320679 2020/12/18 14:44:39 1 4096 65614610 61312531 1964673 27 187499 2 61420 0 6062 0 0 2097152 0 0
SEP
MEM comp06 1608320680 2020/12/18 14:44:40 1 4096 65614610 61036998 2101889 27 187803 2 61732 0 6062 0 0 2097152 0 0
SEP
MEM comp06 1608320681 2020/12/18 14:44:41 1 4096 65614610 60759971 2240129 27 188123 2 62044 0 6062 0 0 2097152 0 0
SEP
MEM comp06 1608320682 2020/12/18 14:44:42 1 4096 65614610 60483444 2377533 27 188427 2 62364 0 6062 0 0 2097152 0 0
SEP
MEM comp06 1608320683 2020/12/18 14:44:43 1 4096 65614610 60207880 2515585 27 188755 2 62668 0 6062 0 0 2097152 0 0
SEP
MEM comp06 1608320684 2020/12/18 14:44:44 1 4096 65614610 59931326 2653825 27 189065 2 62988 0 6062 0 0 2097152 0 0
SEP
MEM comp06 1608320685 2020/12/18 14:44:45 1 4096 65614610 59655841 2791041 27 189355 2 63292 0 6062 0 0 2097152 0 0
SEP
MEM comp06 1608320686 2020/12/18 14:44:46 1 4096 65614610 59378755 2929281 27 189685 2 63620 0 6062 0 0 2097152 0 0
SEP
MEM comp06 1608320687 2020/12/18 14:44:47 1 4096 65614610 59102212 3066497 27 190005 2 63924 0 6062 0 0 2097152 0 0
SEP
MEM comp06 1608320688 2020/12/18 14:44:48 1 4096 65614610 58826686 3204737 27 190309 2 64236 0 6062 0 0 2097152 0 0
SEP
MEM comp06 1608320689 2020/12/18 14:44:49 1 4096 65614610 58550131 3342977 27 190613 2 64548 0 6062 0 0 2097152 0 0
SEP
MEM comp06 1608320690 2020/12/18 14:44:50 1 4096 65614610 58274600 3480193 27 190945 2 64868 0 6062 0 0 2097152 0 0
SEP
MEM comp06 1608320691 2020/12/18 14:44:51 1 4096 65614610 57998062 3618433 27 191253 2 65172 0 6062 0 0 2097152 0 0
SEP
MEM comp06 1608320692 2020/12/18 14:44:52 1 4096 65614610 57721782 3755649 27 191561 2 65492 0 6062 0 0 2097152 0 0
SEP
MEM comp06 1608320693 2020/12/18 14:44:53 1 4096 65614610 57445491 3893889 27 191867 2 65804 0 6062 0 0 2097152 0 0
SEP
MEM comp06 1608320694 2020/12/18 14:44:54 1 4096 65614610 57168919 4032129 27 192193 2 66116 0 6062 0 0 2097152 0 0
SEP
MEM comp06 1608320695 2020/12/18 14:44:55 1 4096 65614610 56892928 4169345 27 192481 1 66412 0 6062 0 0 2097152 0 0
SEP
MEM comp06 1608320696 2020/12/18 14:44:56 1 4096 65614610 56616365 4307585 27 192803 1 66740 0 6062 0 0 2097152 0 0
SEP
MEM comp06 1608320697 2020/12/18 14:44:57 1 4096 65614610 56384825 4417695 27 193039 1 66980 0 6062 0 0 2097152 0 0
SEP
MEM comp06 1608320698 2020/12/18 14:44:58 1 4096 65614610 56384553 4417695 27 193031 1 66980 0 6062 0 0 2097152 0 0
SEP
MEM comp06 1608320699 2020/12/18 14:44:59 1 4096 65614610 56384045 4417695 27 193027 1 66980 0 6062 0 0 2097152 0 0
SEP
MEM comp06 1608320700 2020/12/18 14:45:00 1 4096 65614610 56384537 4417696 27 193047 0 66980 0 6062 0 0 2097152 0 0
SEP
MEM comp06 1608320701 2020/12/18 14:45:01 1 4096 65614610 56384546 4417696 27 193045 1 66980 0 6062 0 0 2097152 0 0
SEP
MEM comp06 1608320702 2020/12/18 14:45:02 1 4096 65614610 54965013 5834085 27 195811 1416386 69750 0 6062 0 0 2097152 0 0
SEP
MEM comp06 1608320703 2020/12/18 14:45:03 1 4096 65614610 54800949 8629339 27 202500 4211614 76454 0 6062 0 0 2097152 0 0
SEP
MEM comp06 1608320704 2020/12/18 14:45:04 1 4096 65614610 52225753 8812228 27 203048 4394533 76990 0 6062 0 0 2097152 0 0
SEP
MEM comp06 1608320705 2020/12/18 14:45:05 1 4096 65614610 51980000 8812228 27 203056 4394533 76990 0 6062 0 0 2097152 0 0
SEP
MEM comp06 1608320706 2020/12/18 14:45:06 1 4096 65614610 51979984 8812228 27 203064 4394533 76990 0 6062 0 0 2097152 0 0
SEP
MEM comp06 1608320707 2020/12/18 14:45:07 1 4096 65614610 51979966 8812228 27 203082 4394533 76990 0 6062 0 0 2097152 0 0
SEP
MEM comp06 1608320708 2020/12/18 14:45:08 1 4096 65614610 51979480 8812228 27 203056 4394533 76990 0 6062 0 0 2097152 0 0
SEP
MEM comp06 1608320709 2020/12/18 14:45:09 1 4096 65614610 50592749 10196651 27 205812 5778894 79730 0 6062 0 0 2097152 0 0
SEP
MEM comp06 1608320710 2020/12/18 14:45:10 1 4096 65614610 49798905 13101785 27 212610 8567420 86420 0 6062 0 0 2097152 0 0
SEP
MEM comp06 1608320711 2020/12/18 14:45:11 1 4096 65614610 47719450 13206760 27 213116 8545864 86926 0 6062 0 0 2097152 0 0
SEP
MEM comp06 1608320712 2020/12/18 14:45:12 1 4096 65614610 47575279 13206760 27 213136 8419408 86926 0 6062 0 0 2097152 0 0
SEP
MEM comp06 1608320713 2020/12/18 14:45:13 1 4096 65614610 47574785 13206760 27 213120 8297056 86926 0 6062 0 0 2097152 0 0
SEP
MEM comp06 1608320714 2020/12/18 14:45:14 1 4096 65614610 47575313 13206760 27 213104 8170592 86926 0 6062 0 0 2097152 0 0
SEP
MEM comp06 1608320715 2020/12/18 14:45:15 1 4096 65614610 47575316 13206760 27 213102 8045143 86926 0 6062 0 0 2097152 0 0
SEP
MEM comp06 1608320716 2020/12/18 14:45:16 1 4096 65614610 46218609 14560455 27 216009 9272741 89816 0 6062 0 0 2097152 0 0
SEP
MEM comp06 1608320717 2020/12/18 14:45:17 1 4096 65614610 46569085 17139702 27 221791 11725564 95618 0 6062 0 0 2097152 0 0
SEP
