RESET
MEM comp06 1608322517 2020/12/18 15:15:17 1488153 4096 65614610 65177709 23381 27 193873 3 61775 0 6086 0 0 2097152 0 0
SEP
MEM comp06 1608322518 2020/12/18 15:15:18 1 4096 65614610 64889339 187015 27 195392 4 62901 0 6086 0 0 2097152 0 0
SEP
MEM comp06 1608322519 2020/12/18 15:15:19 1 4096 65614610 64614935 322971 27 195660 4 63173 0 6086 0 0 2097152 0 0
SEP
MEM comp06 1608322520 2020/12/18 15:15:20 1 4096 65614610 64335676 461857 27 195890 4 63389 0 6086 0 0 2097152 0 0
SEP
MEM comp06 1608322521 2020/12/18 15:15:21 1 4096 65614610 64060797 597451 27 196132 1 63637 0 6086 0 0 2097152 0 0
SEP
MEM comp06 1608322522 2020/12/18 15:15:22 1 4096 65614610 63792547 734137 27 196376 1 63893 0 6086 0 0 2097152 0 0
SEP
MEM comp06 1608322523 2020/12/18 15:15:23 1 4096 65614610 63513991 874115 27 196642 1 64157 0 6086 0 0 2097152 0 0
SEP
MEM comp06 1608322524 2020/12/18 15:15:24 1 4096 65614610 63233411 1012923 27 196930 1 64429 0 6086 0 0 2097152 0 0
SEP
MEM comp06 1608322525 2020/12/18 15:15:25 1 4096 65614610 62960621 1151224 27 197150 1 64661 0 6086 0 0 2097152 0 0
SEP
MEM comp06 1608322526 2020/12/18 15:15:26 1 4096 65614610 62683554 1286793 27 197468 1 64965 0 6086 0 0 2097152 0 0
SEP
MEM comp06 1608322527 2020/12/18 15:15:27 1 4096 65614610 62410750 1424525 27 197718 1 65237 0 6086 0 0 2097152 0 0
SEP
MEM comp06 1608322528 2020/12/18 15:15:28 1 4096 65614610 62135080 1561772 27 197948 1 65493 0 6086 0 0 2097152 0 0
SEP
MEM comp06 1608322529 2020/12/18 15:15:29 1 4096 65614610 61850593 1701376 27 198248 1 65797 0 6086 0 0 2097152 0 0
SEP
MEM comp06 1608322530 2020/12/18 15:15:30 1 4096 65614610 61583299 1837701 27 198548 1 66101 0 6086 0 0 2097152 0 0
SEP
MEM comp06 1608322531 2020/12/18 15:15:31 1 4096 65614610 61308898 1975333 27 198848 1 66381 0 6086 0 0 2097152 0 0
SEP
MEM comp06 1608322532 2020/12/18 15:15:32 1 4096 65614610 61025787 2113051 27 199116 1 66677 0 6086 0 0 2097152 0 0
SEP
MEM comp06 1608322533 2020/12/18 15:15:33 1 4096 65614610 60747149 2251832 27 199440 1 66997 0 6086 0 0 2097152 0 0
SEP
MEM comp06 1608322534 2020/12/18 15:15:34 1 4096 65614610 60472272 2388546 27 199716 1 67269 0 6086 0 0 2097152 0 0
SEP
MEM comp06 1608322535 2020/12/18 15:15:35 1 4096 65614610 60199353 2527231 27 200044 1 67589 0 6086 0 0 2097152 0 0
SEP
MEM comp06 1608322536 2020/12/18 15:15:36 1 4096 65614610 59925896 2663525 27 200302 1 67837 0 6086 0 0 2097152 0 0
SEP
MEM comp06 1608322537 2020/12/18 15:15:37 1 4096 65614610 59646876 2803335 27 200614 1 68149 0 6086 0 0 2097152 0 0
SEP
MEM comp06 1608322538 2020/12/18 15:15:38 1 4096 65614610 59370373 2941511 27 200872 1 68421 0 6086 0 0 2097152 0 0
SEP
MEM comp06 1608322539 2020/12/18 15:15:39 1 4096 65614610 59097006 3077046 27 201144 1 68709 0 6086 0 0 2097152 0 0
SEP
MEM comp06 1608322540 2020/12/18 15:15:40 1 4096 65614610 58820529 3216278 27 201436 1 68981 0 6086 0 0 2097152 0 0
SEP
MEM comp06 1608322541 2020/12/18 15:15:41 1 4096 65614610 58541444 3353046 27 201722 1 69261 0 6086 0 0 2097152 0 0
SEP
MEM comp06 1608322542 2020/12/18 15:15:42 1 4096 65614610 58266028 3492023 27 202024 1 69581 0 6086 0 0 2097152 0 0
SEP
MEM comp06 1608322543 2020/12/18 15:15:43 1 4096 65614610 57997671 3627695 27 202322 1 69885 0 6086 0 0 2097152 0 0
SEP
MEM comp06 1608322544 2020/12/18 15:15:44 1 4096 65614610 57721711 3767451 27 202592 1 70157 0 6086 0 0 2097152 0 0
SEP
MEM comp06 1608322545 2020/12/18 15:15:45 1 4096 65614610 57433375 3905150 27 202916 1 70477 0 6086 0 0 2097152 0 0
SEP
MEM comp06 1608322546 2020/12/18 15:15:46 1 4096 65614610 57161958 4043919 27 203208 1 70773 0 6086 0 0 2097152 0 0
SEP
MEM comp06 1608322547 2020/12/18 15:15:47 1 4096 65614610 56886546 4180871 27 203458 1 71029 0 6086 0 0 2097152 0 0
SEP
MEM comp06 1608322548 2020/12/18 15:15:48 1 4096 65614610 56610476 4317738 27 203830 1 71389 0 6086 0 0 2097152 0 0
SEP
MEM comp06 1608322549 2020/12/18 15:15:49 1 4096 65614610 56337496 4454118 27 204118 1 71685 0 6086 0 0 2097152 0 0
SEP
MEM comp06 1608322550 2020/12/18 15:15:50 1 4096 65614610 56057878 4593245 27 204452 1 72029 0 6086 0 0 2097152 0 0
SEP
MEM comp06 1608322551 2020/12/18 15:15:51 1 4096 65614610 55781421 4730430 27 204742 1 72317 0 6086 0 0 2097152 0 0
SEP
MEM comp06 1608322552 2020/12/18 15:15:52 1 4096 65614610 55512023 4867104 27 205070 2 72637 0 6086 0 0 2097152 0 0
SEP
MEM comp06 1608322553 2020/12/18 15:15:53 1 4096 65614610 55235560 5004125 27 205350 2 72917 0 6086 0 0 2097152 0 0
SEP
MEM comp06 1608322554 2020/12/18 15:15:54 1 4096 65614610 54955879 5144229 27 205714 2 73269 0 6086 0 0 2097152 0 0
SEP
MEM comp06 1608322555 2020/12/18 15:15:55 1 4096 65614610 54682933 5282140 27 206024 2 73581 0 6086 0 0 2097152 0 0
SEP
MEM comp06 1608322556 2020/12/18 15:15:56 1 4096 65614610 54407418 5417544 27 206304 2 73885 0 6086 0 0 2097152 0 0
SEP
MEM comp06 1608322557 2020/12/18 15:15:57 1 4096 65614610 54130898 5555134 27 206634 2 74189 0 6086 0 0 2097152 0 0
SEP
MEM comp06 1608322558 2020/12/18 15:15:58 1 4096 65614610 53855429 5692209 27 206912 2 74493 0 6086 0 0 2097152 0 0
SEP
MEM comp06 1608322559 2020/12/18 15:15:59 1 4096 65614610 53577307 5832114 27 207208 2 74789 0 6086 0 0 2097152 0 0
SEP
MEM comp06 1608322560 2020/12/18 15:16:00 1 4096 65614610 53301339 5967258 27 207494 2 75061 0 6086 0 0 2097152 0 0
SEP
MEM comp06 1608322561 2020/12/18 15:16:01 1 4096 65614610 53032377 6105219 27 207832 2 75397 0 6086 0 0 2097152 0 0
SEP
MEM comp06 1608322562 2020/12/18 15:16:02 1 4096 65614610 52744064 6245026 27 208136 2 75717 0 6086 0 0 2097152 0 0
SEP
MEM comp06 1608322563 2020/12/18 15:16:03 1 4096 65614610 52470086 6382616 27 208432 2 76013 0 6086 0 0 2097152 0 0
SEP
MEM comp06 1608322564 2020/12/18 15:16:04 1 4096 65614610 52199726 6519432 27 208694 2 76277 0 6086 0 0 2097152 0 0
SEP
MEM comp06 1608322565 2020/12/18 15:16:05 1 4096 65614610 51926290 6657157 27 208994 2 76589 0 6086 0 0 2097152 0 0
SEP
MEM comp06 1608322566 2020/12/18 15:16:06 1 4096 65614610 51645698 6795370 27 209264 2 76861 0 6086 0 0 2097152 0 0
SEP
MEM comp06 1608322567 2020/12/18 15:16:07 1 4096 65614610 51368744 6931993 27 209526 2 77125 0 6086 0 0 2097152 0 0
SEP
MEM comp06 1608322568 2020/12/18 15:16:08 1 4096 65614610 51089670 7070189 27 209826 2 77437 0 6086 0 0 2097152 0 0
SEP
MEM comp06 1608322569 2020/12/18 15:16:09 1 4096 65614610 50823361 7207826 27 210134 2 77725 0 6086 0 0 2097152 0 0
SEP
MEM comp06 1608322570 2020/12/18 15:16:10 1 4096 65614610 50540472 7346548 27 210392 2 77997 0 6086 0 0 2097152 0 0
SEP
MEM comp06 1608322571 2020/12/18 15:16:11 1 4096 65614610 50271306 7482523 27 210716 2 78325 0 6086 0 0 2097152 0 0
SEP
MEM comp06 1608322572 2020/12/18 15:16:12 1 4096 65614610 49991161 7621256 27 211042 2 78653 0 6086 0 0 2097152 0 0
SEP
MEM comp06 1608322573 2020/12/18 15:16:13 1 4096 65614610 49716747 7757957 27 211312 2 78901 0 6086 0 0 2097152 0 0
SEP
MEM comp06 1608322574 2020/12/18 15:16:14 1 4096 65614610 49438078 7896734 27 211650 2 79245 0 6086 0 0 2097152 0 0
SEP
MEM comp06 1608322575 2020/12/18 15:16:15 1 4096 65614610 49166174 8034437 27 211954 2 79549 0 6086 0 0 2097152 0 0
SEP
MEM comp06 1608322576 2020/12/18 15:16:16 1 4096 65614610 48890144 8171540 27 212244 2 79837 0 6086 0 0 2097152 0 0
SEP
MEM comp06 1608322577 2020/12/18 15:16:17 1 4096 65614610 48612590 8308913 27 212538 2 80141 0 6086 0 0 2097152 0 0
SEP
MEM comp06 1608322578 2020/12/18 15:16:18 1 4096 65614610 48332891 8448053 27 212910 2 80501 0 6086 0 0 2097152 0 0
SEP
MEM comp06 1608322579 2020/12/18 15:16:19 1 4096 65614610 48060558 8584111 27 213158 2 80749 0 6086 0 0 2097152 0 0
SEP
MEM comp06 1608322580 2020/12/18 15:16:20 1 4096 65614610 47783958 8722963 27 213496 2 81093 0 6086 0 0 2097152 0 0
SEP
MEM comp06 1608322581 2020/12/18 15:16:21 1 4096 65614610 47512581 8860341 27 213762 2 81373 0 6086 0 0 2097152 0 0
SEP
MEM comp06 1608322582 2020/12/18 15:16:22 1 4096 65614610 47233468 8996973 27 214064 2 81677 0 6086 0 0 2097152 0 0
SEP
MEM comp06 1608322583 2020/12/18 15:16:23 1 4096 65614610 46957916 9135109 27 214428 1 82037 0 6086 0 0 2097152 0 0
SEP
MEM comp06 1608322584 2020/12/18 15:16:24 1 4096 65614610 46683343 9270881 27 214700 1 82317 0 6086 0 0 2097152 0 0
SEP
MEM comp06 1608322585 2020/12/18 15:16:25 1 4096 65614610 46403852 9408693 27 214994 1 82605 0 6086 0 0 2097152 0 0
SEP
MEM comp06 1608322586 2020/12/18 15:16:26 1 4096 65614610 46128311 9548414 27 215314 2 82925 0 6086 0 0 2097152 0 0
SEP
MEM comp06 1608322587 2020/12/18 15:16:27 1 4096 65614610 45854426 9684949 27 215560 2 83181 0 6086 0 0 2097152 0 0
SEP
MEM comp06 1608322588 2020/12/18 15:16:28 1 4096 65614610 45574237 9823372 27 215890 2 83501 0 6086 0 0 2097152 0 0
SEP
MEM comp06 1608322589 2020/12/18 15:16:29 1 4096 65614610 45299776 9961099 27 216156 2 83773 0 6086 0 0 2097152 0 0
SEP
MEM comp06 1608322590 2020/12/18 15:16:30 1 4096 65614610 45022778 10098694 27 216444 2 84037 0 6086 0 0 2097152 0 0
SEP
MEM comp06 1608322591 2020/12/18 15:16:31 1 4096 65614610 44754935 10233802 27 216754 2 84357 0 6086 0 0 2097152 0 0
SEP
MEM comp06 1608322592 2020/12/18 15:16:32 1 4096 65614610 44477327 10372763 27 217072 2 84685 0 6086 0 0 2097152 0 0
SEP
MEM comp06 1608322593 2020/12/18 15:16:33 1 4096 65614610 44194744 10513235 27 217352 2 84957 0 6086 0 0 2097152 0 0
SEP
MEM comp06 1608322594 2020/12/18 15:16:34 1 4096 65614610 43923797 10648701 27 217646 2 85261 0 6086 0 0 2097152 0 0
SEP
MEM comp06 1608322595 2020/12/18 15:16:35 1 4096 65614610 43646777 10788687 27 217936 2 85549 0 6086 0 0 2097152 0 0
SEP
MEM comp06 1608322596 2020/12/18 15:16:36 1 4096 65614610 43366579 10925101 27 218296 2 85901 0 6086 0 0 2097152 0 0
SEP
MEM comp06 1608322597 2020/12/18 15:16:37 1 4096 65614610 43093573 11061975 27 218586 2 86197 0 6086 0 0 2097152 0 0
SEP
MEM comp06 1608322598 2020/12/18 15:16:38 1 4096 65614610 42817673 11202403 27 218880 2 86509 0 6086 0 0 2097152 0 0
SEP
MEM comp06 1608322599 2020/12/18 15:16:39 1 4096 65614610 42543637 11337369 27 219216 2 86829 0 6086 0 0 2097152 0 0
SEP
MEM comp06 1608322600 2020/12/18 15:16:40 1 4096 65614610 42261480 11476279 27 219506 2 87125 0 6086 0 0 2097152 0 0
SEP
MEM comp06 1608322601 2020/12/18 15:16:41 1 4096 65614610 41989733 11612829 27 219868 2 87469 0 6086 0 0 2097152 0 0
SEP
MEM comp06 1608322602 2020/12/18 15:16:42 1 4096 65614610 41713028 11751806 27 220138 2 87749 0 6086 0 0 2097152 0 0
SEP
MEM comp06 1608322603 2020/12/18 15:16:43 1 4096 65614610 41437405 11888267 27 220486 2 88093 0 6086 0 0 2097152 0 0
SEP
MEM comp06 1608322604 2020/12/18 15:16:44 1 4096 65614610 41160900 12025291 27 220780 2 88381 0 6086 0 0 2097152 0 0
SEP
MEM comp06 1608322605 2020/12/18 15:16:45 1 4096 65614610 40883734 12162891 27 221136 2 88733 0 6086 0 0 2097152 0 0
SEP
MEM comp06 1608322606 2020/12/18 15:16:46 1 4096 65614610 40604702 12302932 27 221420 2 89013 0 6086 0 0 2097152 0 0
SEP
MEM comp06 1608322607 2020/12/18 15:16:47 1 4096 65614610 40333303 12439613 27 221710 2 89309 0 6086 0 0 2097152 0 0
SEP
MEM comp06 1608322608 2020/12/18 15:16:48 1 4096 65614610 40053175 12576176 27 222034 2 89637 0 6086 0 0 2097152 0 0
SEP
MEM comp06 1608322609 2020/12/18 15:16:49 1 4096 65614610 39785330 12713276 27 222332 2 89933 0 6086 0 0 2097152 0 0
SEP
MEM comp06 1608322610 2020/12/18 15:16:50 1 4096 65614610 39511788 12849821 27 222690 2 90285 0 6086 0 0 2097152 0 0
SEP
MEM comp06 1608322611 2020/12/18 15:16:51 1 4096 65614610 39236320 12987451 27 222962 2 90557 0 6086 0 0 2097152 0 0
SEP
MEM comp06 1608322612 2020/12/18 15:16:52 1 4096 65614610 38956699 13126155 27 223284 2 90877 0 6086 0 0 2097152 0 0
SEP
MEM comp06 1608322613 2020/12/18 15:16:53 1 4096 65614610 38683714 13265050 27 223584 0 91197 0 6086 0 0 2097152 0 0
SEP
MEM comp06 1608322614 2020/12/18 15:16:54 1 4096 65614610 38401233 13403164 27 223876 1 91493 0 6086 0 0 2097152 0 0
SEP
MEM comp06 1608322615 2020/12/18 15:16:55 1 4096 65614610 38121919 13542879 27 224214 1 91805 0 6086 0 0 2097152 0 0
SEP
MEM comp06 1608322616 2020/12/18 15:16:56 1 4096 65614610 37850552 13678503 27 224498 1 92085 0 6086 0 0 2097152 0 0
SEP
MEM comp06 1608322617 2020/12/18 15:16:57 1 4096 65614610 37572954 13815477 27 224838 1 92453 0 6086 0 0 2097152 0 0
SEP
MEM comp06 1608322618 2020/12/18 15:16:58 1 4096 65614610 37298926 13953702 27 225166 1 92765 0 6086 0 0 2097152 0 0
SEP
MEM comp06 1608322619 2020/12/18 15:16:59 1 4096 65614610 37025490 14090845 27 225462 1 93069 0 6086 0 0 2097152 0 0
SEP
MEM comp06 1608322620 2020/12/18 15:17:00 1 4096 65614610 36744857 14228363 27 225770 2 93357 0 6086 0 0 2097152 0 0
SEP
MEM comp06 1608322621 2020/12/18 15:17:01 1 4096 65614610 36471422 14365535 27 226056 2 93661 0 6086 0 0 2097152 0 0
SEP
MEM comp06 1608322622 2020/12/18 15:17:02 1 4096 65614610 36196318 14503551 27 226406 2 94021 0 6086 0 0 2097152 0 0
SEP
MEM comp06 1608322623 2020/12/18 15:17:03 1 4096 65614610 35924895 14639982 27 226728 2 94333 0 6086 0 0 2097152 0 0
SEP
MEM comp06 1608322624 2020/12/18 15:17:04 1 4096 65614610 35643814 14779147 27 226998 2 94605 0 6086 0 0 2097152 0 0
SEP
MEM comp06 1608322625 2020/12/18 15:17:05 1 4096 65614610 35373370 14916615 27 227326 2 94933 0 6086 0 0 2097152 0 0
SEP
MEM comp06 1608322626 2020/12/18 15:17:06 1 4096 65614610 35090678 15055076 27 227648 2 95253 0 6086 0 0 2097152 0 0
SEP
MEM comp06 1608322627 2020/12/18 15:17:07 1 4096 65614610 34815080 15191068 27 227984 2 95581 0 6086 0 0 2097152 0 0
SEP
MEM comp06 1608322628 2020/12/18 15:17:08 1 4096 65614610 34544264 15329634 27 228268 2 95861 0 6086 0 0 2097152 0 0
SEP
MEM comp06 1608322629 2020/12/18 15:17:09 1 4096 65614610 34263125 15467511 27 228582 2 96181 0 6086 0 0 2097152 0 0
SEP
MEM comp06 1608322630 2020/12/18 15:17:10 1 4096 65614610 33988173 15605267 27 228858 2 96469 0 6086 0 0 2097152 0 0
SEP
MEM comp06 1608322631 2020/12/18 15:17:11 1 4096 65614610 33716739 15741906 27 229184 2 96781 0 6086 0 0 2097152 0 0
SEP
MEM comp06 1608322632 2020/12/18 15:17:12 1 4096 65614610 33438598 15881276 27 229518 2 97117 0 6086 0 0 2097152 0 0
SEP
MEM comp06 1608322633 2020/12/18 15:17:13 1 4096 65614610 33165149 16017479 27 229842 2 97437 0 6086 0 0 2097152 0 0
SEP
MEM comp06 1608322634 2020/12/18 15:17:14 1 4096 65614610 32883480 16155756 27 230140 2 97741 0 6086 0 0 2097152 0 0
SEP
MEM comp06 1608322635 2020/12/18 15:17:15 1 4096 65614610 32611634 16293311 27 230428 2 98013 0 6086 0 0 2097152 0 0
SEP
MEM comp06 1608322636 2020/12/18 15:17:16 1 4096 65614610 32334524 16429529 27 230764 2 98357 0 6086 0 0 2097152 0 0
SEP
MEM comp06 1608322637 2020/12/18 15:17:17 1 4096 65614610 32058493 16569457 27 231084 2 98669 0 6086 0 0 2097152 0 0
SEP
MEM comp06 1608322638 2020/12/18 15:17:18 1 4096 65614610 31779922 16706071 27 231380 2 98973 0 6086 0 0 2097152 0 0
SEP
MEM comp06 1608322639 2020/12/18 15:17:19 1 4096 65614610 31506873 16845455 27 231724 2 99301 0 6086 0 0 2097152 0 0
SEP
MEM comp06 1608322640 2020/12/18 15:17:20 1 4096 65614610 31226442 16981222 27 232018 2 99613 0 6086 0 0 2097152 0 0
SEP
MEM comp06 1608322641 2020/12/18 15:17:21 1 4096 65614610 30954935 17121862 27 232312 2 99909 0 6086 0 0 2097152 0 0
SEP
MEM comp06 1608322642 2020/12/18 15:17:22 1 4096 65614610 30675929 17257468 27 232612 2 100205 0 6086 0 0 2097152 0 0
SEP
MEM comp06 1608322643 2020/12/18 15:17:23 1 4096 65614610 30395233 17396415 27 232908 0 100501 0 6086 0 0 2097152 0 0
SEP
MEM comp06 1608322644 2020/12/18 15:17:24 1 4096 65614610 30129462 17531008 27 233184 1 100789 0 6086 0 0 2097152 0 0
SEP
MEM comp06 1608322645 2020/12/18 15:17:25 1 4096 65614610 29853407 17670175 27 233540 1 101117 0 6086 0 0 2097152 0 0
SEP
MEM comp06 1608322646 2020/12/18 15:17:26 1 4096 65614610 29575906 17807350 27 233826 1 101405 0 6086 0 0 2097152 0 0
SEP
MEM comp06 1608322647 2020/12/18 15:17:27 1 4096 65614610 29292668 17945677 27 234122 1 101709 0 6086 0 0 2097152 0 0
SEP
MEM comp06 1608322648 2020/12/18 15:17:28 1 4096 65614610 29031015 18082879 27 234420 1 102005 0 6086 0 0 2097152 0 0
SEP
MEM comp06 1608322649 2020/12/18 15:17:29 1 4096 65614610 28746732 18220680 27 234738 1 102333 0 6086 0 0 2097152 0 0
SEP
MEM comp06 1608322650 2020/12/18 15:17:30 1 4096 65614610 28474334 18358956 27 235004 1 102597 0 6086 0 0 2097152 0 0
SEP
MEM comp06 1608322651 2020/12/18 15:17:31 1 4096 65614610 28194182 18497689 27 235352 1 102933 0 6086 0 0 2097152 0 0
SEP
MEM comp06 1608322652 2020/12/18 15:17:32 1 4096 65614610 27917220 18633769 27 235662 1 103245 0 6086 0 0 2097152 0 0
SEP
MEM comp06 1608322653 2020/12/18 15:17:33 1 4096 65614610 27646739 18771094 27 235952 2 103541 0 6086 0 0 2097152 0 0
SEP
MEM comp06 1608322654 2020/12/18 15:17:34 1 4096 65614610 27362966 18908813 27 236308 2 103885 0 6086 0 0 2097152 0 0
SEP
MEM comp06 1608322655 2020/12/18 15:17:35 1 4096 65614610 27090539 19048307 27 236618 2 104189 0 6086 0 0 2097152 0 0
SEP
MEM comp06 1608322656 2020/12/18 15:17:36 1 4096 65614610 26817612 19184132 27 236894 2 104461 0 6086 0 0 2097152 0 0
SEP
MEM comp06 1608322657 2020/12/18 15:17:37 1 4096 65614610 26536496 19322053 27 237214 2 104805 0 6086 0 0 2097152 0 0
SEP
MEM comp06 1608322658 2020/12/18 15:17:38 1 4096 65614610 26267636 19459555 27 237508 2 105085 0 6086 0 0 2097152 0 0
SEP
MEM comp06 1608322659 2020/12/18 15:17:39 1 4096 65614610 25985163 19597693 27 237842 2 105429 0 6086 0 0 2097152 0 0
SEP
MEM comp06 1608322660 2020/12/18 15:17:40 1 4096 65614610 25710608 19735964 27 238130 2 105717 0 6086 0 0 2097152 0 0
SEP
MEM comp06 1608322661 2020/12/18 15:17:41 1 4096 65614610 25429530 19873264 27 238412 2 105997 0 6086 0 0 2097152 0 0
SEP
MEM comp06 1608322662 2020/12/18 15:17:42 1 4096 65614610 25161137 20011334 27 238768 2 106357 0 6086 0 0 2097152 0 0
SEP
MEM comp06 1608322663 2020/12/18 15:17:43 1 4096 65614610 24882008 20150191 27 239080 2 106661 0 6086 0 0 2097152 0 0
SEP
MEM comp06 1608322664 2020/12/18 15:17:44 1 4096 65614610 24614645 20285764 27 239420 2 106989 0 6086 0 0 2097152 0 0
SEP
MEM comp06 1608322665 2020/12/18 15:17:45 1 4096 65614610 23884979 20866750 27 240610 443018 108181 0 6086 0 0 2097152 0 0
SEP
MEM comp06 1608322666 2020/12/18 15:17:46 1 4096 65614610 23574492 21293378 27 241684 732424 109261 0 6086 0 0 2097152 0 0
SEP
MEM comp06 1608322667 2020/12/18 15:17:47 1 4096 65614610 23045688 21431378 27 241980 732424 109557 0 6086 0 0 2097152 0 0
SEP
MEM comp06 1608322668 2020/12/18 15:17:48 1 4096 65614610 22763365 21567135 27 242314 732424 109885 0 6086 0 0 2097152 0 0
SEP
MEM comp06 1608322669 2020/12/18 15:17:49 1 4096 65614610 22492515 21704761 27 242616 732424 110189 0 6086 0 0 2097152 0 0
SEP
MEM comp06 1608322670 2020/12/18 15:17:50 1 4096 65614610 21859176 22194098 27 243696 1083460 111277 0 6086 0 0 2097152 0 0
SEP
MEM comp06 1608322671 2020/12/18 15:17:51 1 4096 65614610 21466574 22812997 27 245016 1565520 112597 0 6086 0 0 2097152 0 0
SEP
MEM comp06 1608322672 2020/12/18 15:17:52 1 4096 65614610 20809305 23632255 27 246800 2245569 114381 0 6086 0 0 2097152 0 0
SEP
MEM comp06 1608322673 2020/12/18 15:17:53 1 4096 65614610 19903780 24452581 27 248832 2929594 116413 0 6086 0 0 2097152 0 0
SEP
MEM comp06 1608322674 2020/12/18 15:17:54 1 4096 65614610 18949841 24587630 27 249096 2929688 116677 0 6086 0 0 2097152 0 0
SEP
MEM comp06 1608322675 2020/12/18 15:17:55 1 4096 65614610 18625699 24727756 27 249456 2929688 117037 0 6086 0 0 2097152 0 0
SEP
MEM comp06 1608322676 2020/12/18 15:17:56 1 4096 65614610 18354769 24861916 27 249764 2928176 117333 0 6086 0 0 2097152 0 0
SEP
MEM comp06 1608322677 2020/12/18 15:17:57 1 4096 65614610 17565981 25529780 27 251200 3470837 118765 0 6086 0 0 2097152 0 0
SEP
MEM comp06 1608322678 2020/12/18 15:17:58 1 4096 65614610 16746892 26417463 27 253114 4229148 120685 0 6086 0 0 2097152 0 0
SEP
MEM comp06 1608322679 2020/12/18 15:17:59 1 4096 65614610 16421936 28489412 27 257844 6174256 125389 0 6086 0 0 2097152 0 0
SEP
MEM comp06 1608322680 2020/12/18 15:18:00 1 4096 65614610 13135841 30863848 27 263132 8421310 130669 0 6086 0 0 2097152 0 0
SEP
MEM comp06 1608322681 2020/12/18 15:18:01 1 4096 65614610 12398295 32378668 27 266738 9809822 134229 0 6086 0 0 2097152 0 0
SEP
MEM comp06 1608322682 2020/12/18 15:18:02 1 4096 65614610 9785242 33416749 27 269304 10729486 136741 0 6086 0 0 2097152 0 0
SEP
MEM comp06 1608322683 2020/12/18 15:18:03 1 4096 65614610 9463541 34356096 27 270980 11564981 138525 0 6086 0 0 2097152 0 0
SEP
MEM comp06 1608322684 2020/12/18 15:18:04 1 4096 65614610 7482208 35934702 27 274929 13051708 142341 0 6086 0 0 2097152 0 0
SEP
MEM comp06 1608322685 2020/12/18 15:18:05 1 4096 65614610 6609428 36891191 27 276985 13913068 144493 0 6086 0 0 2097152 0 0
SEP
MEM comp06 1608322686 2020/12/18 15:18:06 1 4096 65614610 6371319 37472835 27 278329 14403564 145757 0 6086 0 0 2097152 0 0
SEP
MEM comp06 1608322687 2020/12/18 15:18:07 1 4096 65614610 5012913 38082795 27 279793 14918330 147197 0 6086 0 0 2097152 0 0
SEP
MEM comp06 1608322688 2020/12/18 15:18:08 1 4096 65614610 4338637 38756210 27 281141 15488697 148677 0 6086 0 0 2097152 0 0
SEP
MEM comp06 1608322689 2020/12/18 15:18:09 1 4096 65614610 3964672 39129737 27 282197 15757842 149661 0 6086 0 0 2097152 0 0
SEP
MEM comp06 1608322690 2020/12/18 15:18:10 1 4096 65614610 3842159 39252056 27 282465 15767081 149973 0 6086 0 0 2097152 0 0
SEP
MEM comp06 1608322691 2020/12/18 15:18:11 1 4096 65614610 3765185 39329034 27 282619 15739530 150117 0 6086 0 0 2097152 0 0
SEP
MEM comp06 1608322692 2020/12/18 15:18:12 1 4096 65614610 3707156 39386710 27 282867 15691908 150295 0 6086 0 0 2097152 0 0
SEP
MEM comp06 1608322693 2020/12/18 15:18:13 1 4096 65614610 3662576 39431283 27 282947 15621737 150391 0 6086 0 0 2097152 0 0
SEP
MEM comp06 1608322694 2020/12/18 15:18:14 1 4096 65614610 3623736 39470003 27 283043 15545824 150479 0 6086 0 0 2097152 0 0
SEP
MEM comp06 1608322695 2020/12/18 15:18:15 1 4096 65614610 3588802 39505400 27 283105 15492346 150535 0 6086 0 0 2097152 0 0
SEP
MEM comp06 1608322696 2020/12/18 15:18:16 1 4096 65614610 3556448 39537162 27 283131 15433584 150615 0 6086 0 0 2097152 0 0
SEP
MEM comp06 1608322697 2020/12/18 15:18:17 1 4096 65614610 3523349 39570156 27 283331 15378666 150711 0 6086 0 0 2097152 0 0
SEP
MEM comp06 1608322698 2020/12/18 15:18:18 1 4096 65614610 3492470 39601179 27 283287 15291051 150767 0 6086 0 0 2097152 0 0
SEP
MEM comp06 1608322699 2020/12/18 15:18:19 1 4096 65614610 3463008 39630681 27 283423 15214422 150847 0 6086 0 0 2097152 0 0
SEP
MEM comp06 1608322700 2020/12/18 15:18:20 1 4096 65614610 3433809 39659676 27 283465 15143566 150903 0 6086 0 0 2097152 0 0
SEP
MEM comp06 1608322701 2020/12/18 15:18:21 1 4096 65614610 3405218 39688251 27 283537 15075885 150983 0 6086 0 0 2097152 0 0
SEP
MEM comp06 1608322702 2020/12/18 15:18:22 1 4096 65614610 3375340 39718025 27 283561 15002227 151015 0 6086 0 0 2097152 0 0
SEP
MEM comp06 1608322703 2020/12/18 15:18:23 1 4096 65614610 3347240 39746915 27 283699 14913693 151087 0 6086 0 0 2097152 0 0
SEP
MEM comp06 1608322704 2020/12/18 15:18:24 1 4096 65614610 3322287 39774985 27 281916 14818678 150426 0 6083 0 0 2097152 0 0
SEP
MEM comp06 1608322705 2020/12/18 15:18:25 1 4096 65614610 3294429 39804194 27 281049 14730679 150116 0 6082 0 0 2097152 0 0
SEP
MEM comp06 1608322706 2020/12/18 15:18:26 1 4096 65614610 3265357 39832606 27 281087 14661149 150172 0 6082 0 0 2097152 0 0
SEP
MEM comp06 1608322707 2020/12/18 15:18:27 1 4096 65614610 3237611 39860316 27 281141 14587905 150228 0 6082 0 0 2097152 0 0
SEP
MEM comp06 1608322708 2020/12/18 15:18:28 1 4096 65614610 3205596 39891916 27 281209 14524247 150292 0 6082 0 0 2097152 0 0
SEP
MEM comp06 1608322709 2020/12/18 15:18:29 1 4096 65614610 3166860 39932465 27 281255 14455785 150356 0 6082 0 0 2097152 0 0
SEP
MEM comp06 1608322710 2020/12/18 15:18:30 1 4096 65614610 3117774 39980591 27 281375 14402949 150476 0 6082 0 0 2097152 0 0
SEP
MEM comp06 1608322711 2020/12/18 15:18:31 1 4096 65614610 3065983 40031791 27 281595 14370939 150612 0 6082 0 0 2097152 0 0
SEP
MEM comp06 1608322712 2020/12/18 15:18:32 1 4096 65614610 3012438 40085271 27 281693 14331055 150740 0 6082 0 0 2097152 0 0
SEP
MEM comp06 1608322713 2020/12/18 15:18:33 1 4096 65614610 2954839 40142832 27 281775 14302152 150860 0 6082 0 0 2097152 0 0
SEP
MEM comp06 1608322714 2020/12/18 15:18:34 1 4096 65614610 2893053 40204210 27 281933 14274283 151020 0 6082 0 0 2097152 0 0
SEP
MEM comp06 1608322715 2020/12/18 15:18:35 1 4096 65614610 2829365 40267581 27 282125 14251181 151156 0 6082 0 0 2097152 0 0
SEP
MEM comp06 1608322716 2020/12/18 15:18:36 1 4096 65614610 2764851 40332037 27 282197 14223005 151308 0 6082 0 0 2097152 0 0
SEP
MEM comp06 1608322717 2020/12/18 15:18:37 1 4096 65614610 2695932 40400764 27 282369 14203703 151460 0 6082 0 0 2097152 0 0
SEP
MEM comp06 1608322718 2020/12/18 15:18:38 1 4096 65614610 2626118 40470528 27 282513 14180362 151596 0 6082 0 0 2097152 0 0
SEP
MEM comp06 1608322719 2020/12/18 15:18:39 1 4096 65614610 2554097 40542269 27 282727 14159583 151788 0 6082 0 0 2097152 0 0
SEP
MEM comp06 1608322720 2020/12/18 15:18:40 1 4096 65614610 2481506 40614653 27 282903 14149416 151940 0 6082 0 0 2097152 0 0
SEP
MEM comp06 1608322721 2020/12/18 15:18:41 1 4096 65614610 2407053 40688936 27 283065 14136163 152124 0 6082 0 0 2097152 0 0
SEP
MEM comp06 1608322722 2020/12/18 15:18:42 1 4096 65614610 2332223 40763663 27 283205 14125894 152292 0 6082 0 0 2097152 0 0
SEP
MEM comp06 1608322723 2020/12/18 15:18:43 1 4096 65614610 2256897 40839204 27 283325 14107875 152428 0 6082 0 0 2097152 0 0
SEP
MEM comp06 1608322724 2020/12/18 15:18:44 1 4096 65614610 2177842 40917691 27 283537 14103845 152628 0 6082 0 0 2097152 0 0
SEP
MEM comp06 1608322725 2020/12/18 15:18:45 1 4096 65614610 2101587 40993795 27 283681 14090798 152788 0 6082 0 0 2097152 0 0
SEP
MEM comp06 1608322726 2020/12/18 15:18:46 1 4096 65614610 2024604 41070595 27 283965 14079496 152980 0 6082 0 0 2097152 0 0
SEP
MEM comp06 1608322727 2020/12/18 15:18:47 1 4096 65614610 1945020 41149910 27 284169 14066177 153148 0 6082 0 0 2097152 0 0
SEP
MEM comp06 1608322728 2020/12/18 15:18:48 1 4096 65614610 1865395 41229140 27 284241 14065255 153292 0 6082 0 0 2097152 0 0
SEP
MEM comp06 1608322729 2020/12/18 15:18:49 1 4096 65614610 1786260 41308320 27 284449 14053140 153500 0 6082 0 0 2097152 0 0
SEP
MEM comp06 1608322730 2020/12/18 15:18:50 1 4096 65614610 1704126 41390441 27 284613 14013334 153708 0 6082 0 0 2097152 0 0
SEP
MEM comp06 1608322731 2020/12/18 15:18:51 1 4096 65614610 1616683 41477674 27 284795 13977703 153908 0 6082 0 0 2097152 0 0
SEP
MEM comp06 1608322732 2020/12/18 15:18:52 1 4096 65614610 1524757 41569538 27 284979 13964979 154092 0 6082 0 0 2097152 0 0
SEP
MEM comp06 1608322733 2020/12/18 15:18:53 1 4096 65614610 1431571 41662212 27 285151 13937117 154276 0 6082 0 0 2097152 0 0
SEP
MEM comp06 1608322734 2020/12/18 15:18:54 1 4096 65614610 1336032 41757595 27 285495 13945286 154548 0 6082 0 0 2097152 0 0
SEP
MEM comp06 1608322735 2020/12/18 15:18:55 1 4096 65614610 1242261 41851140 27 285655 13940538 154740 0 6082 0 0 2097152 0 0
SEP
MEM comp06 1608322736 2020/12/18 15:18:56 1 4096 65614610 1146102 41947121 27 285873 13942828 154964 0 6082 0 0 2097152 0 0
SEP
MEM comp06 1608322737 2020/12/18 15:18:57 1 4096 65614610 1052321 42040726 27 286057 13946369 155180 0 6082 0 0 2097152 0 0
SEP
MEM comp06 1608322738 2020/12/18 15:18:58 1 4096 65614610 959019 42133752 27 286357 13962531 155396 0 6082 0 0 2097152 0 0
SEP
MEM comp06 1608322739 2020/12/18 15:18:59 1 4096 65614610 866854 42225872 27 286441 13972158 155564 0 6082 0 0 2097152 0 0
SEP
MEM comp06 1608322740 2020/12/18 15:19:00 1 4096 65614610 774795 42317681 27 286659 13982107 155804 0 6082 0 0 2097152 0 0
SEP
MEM comp06 1608322741 2020/12/18 15:19:01 1 4096 65614610 684718 42407500 27 286919 13992567 156012 0 6082 0 0 2097152 0 0
SEP
MEM comp06 1608322742 2020/12/18 15:19:02 1 4096 65614610 596229 42495820 27 287089 14001200 156220 0 6082 0 0 2097152 0 0
SEP
MEM comp06 1608322743 2020/12/18 15:19:03 1 4096 65614610 509043 42582796 27 287279 14009721 156404 0 6082 0 0 2097152 0 0
SEP
MEM comp06 1608322744 2020/12/18 15:19:04 1 4096 65614610 426650 42665248 27 287439 14011343 156580 0 6082 0 0 2097152 0 0
SEP
MEM comp06 1608322745 2020/12/18 15:19:05 1 4096 65614610 343271 42748955 27 287781 14014533 156788 0 6082 0 0 2097152 0 0
SEP
MEM comp06 1608322746 2020/12/18 15:19:06 1 4096 65614610 261921 42830306 27 287909 14017037 156972 0 6082 0 0 2097152 0 0
SEP
MEM comp06 1608322747 2020/12/18 15:19:07 1 4096 65614610 335524 42756923 27 287683 14012985 156772 0 6082 0 0 2097152 0 0
SEP
MEM comp06 1608322748 2020/12/18 15:19:08 1 4096 65614610 251739 42840435 27 287853 13981517 156932 0 6082 0 0 2097152 0 0
SEP
MEM comp06 1608322749 2020/12/18 15:19:09 1 4096 65614610 319884 42772368 27 288103 13963534 157156 0 6082 0 0 2097152 0 0
SEP
MEM comp06 1608322750 2020/12/18 15:19:10 1 4096 65614610 231774 42860544 27 288229 13965208 157324 0 6082 0 0 2097152 0 0
SEP
MEM comp06 1608322751 2020/12/18 15:19:11 1 4096 65614610 272615 42819188 27 288419 13967013 157524 0 6082 0 0 2097152 0 0
SEP
MEM comp06 1608322752 2020/12/18 15:19:12 1 4096 65614610 294070 42798023 27 288561 13971266 157684 0 6082 0 0 2097152 0 0
SEP
MEM comp06 1608322753 2020/12/18 15:19:13 1 4096 65614610 319742 42771641 27 288831 13976345 157940 0 6082 0 0 2097152 0 0
SEP
MEM comp06 1608322754 2020/12/18 15:19:14 1 4096 65614610 244272 42846803 27 289037 13980113 158124 0 6082 0 0 2097152 0 0
SEP
MEM comp06 1608322755 2020/12/18 15:19:15 1 4096 65614610 272566 42818696 27 289265 13968129 158308 0 6082 0 0 2097152 0 0
SEP
MEM comp06 1608322756 2020/12/18 15:19:16 1 4096 65614610 303514 42787383 27 289441 13973551 158524 0 6082 0 0 2097152 0 0
SEP
MEM comp06 1608322757 2020/12/18 15:19:17 1 4096 65614610 371627 42719097 27 289643 13949292 158716 0 6082 0 0 2097152 0 0
SEP
MEM comp06 1608322758 2020/12/18 15:19:18 1 4096 65614610 278570 42811757 27 289821 13917944 158932 0 6082 0 0 2097152 0 0
SEP
MEM comp06 1608322759 2020/12/18 15:19:19 1 4096 65614610 311132 42779119 27 290021 13918884 159172 0 6082 0 0 2097152 0 0
SEP
MEM comp06 1608322760 2020/12/18 15:19:20 1 4096 65614610 232844 42856995 27 290203 13930891 159356 0 6082 0 0 2097152 0 0
SEP
MEM comp06 1608322761 2020/12/18 15:19:21 1 4096 65614610 279362 42810399 27 290389 13939408 159556 0 6082 0 0 2097152 0 0
SEP
MEM comp06 1608322762 2020/12/18 15:19:22 1 4096 65614610 304352 42785408 27 290629 13940886 159804 0 6082 0 0 2097152 0 0
SEP
MEM comp06 1608322763 2020/12/18 15:19:23 1 4096 65614610 369108 42720383 27 290839 13948270 160020 0 6082 0 0 2097152 0 0
SEP
MEM comp06 1608322764 2020/12/18 15:19:24 1 4096 65614610 278585 42810649 27 291041 13951090 160220 0 6082 0 0 2097152 0 0
SEP
MEM comp06 1608322765 2020/12/18 15:19:25 1 4096 65614610 317089 42772162 27 291283 13950827 160396 0 6082 0 0 2097152 0 0
SEP
MEM comp06 1608322766 2020/12/18 15:19:26 1 4096 65614610 226650 42862247 27 291495 13949992 160628 0 6082 0 0 2097152 0 0
SEP
MEM comp06 1608322767 2020/12/18 15:19:27 1 4096 65614610 273208 42815428 27 291685 13954402 160844 0 6082 0 0 2097152 0 0
SEP
MEM comp06 1608322768 2020/12/18 15:19:28 1 4096 65614610 295761 42792643 27 291893 13950076 161044 0 6082 0 0 2097152 0 0
SEP
MEM comp06 1608322769 2020/12/18 15:19:29 1 4096 65614610 299323 42789020 27 292069 13948780 161236 0 6082 0 0 2097152 0 0
SEP
MEM comp06 1608322770 2020/12/18 15:19:30 1 4096 65614610 274486 42813337 27 292301 13948281 161428 0 6082 0 0 2097152 0 0
SEP
MEM comp06 1608322771 2020/12/18 15:19:31 1 4096 65614610 249037 42838797 27 292495 13950692 161636 0 6082 0 0 2097152 0 0
SEP
MEM comp06 1608322772 2020/12/18 15:19:32 1 4096 65614610 272510 42815175 27 292713 13947758 161852 0 6082 0 0 2097152 0 0
SEP
MEM comp06 1608322773 2020/12/18 15:19:33 1 4096 65614610 275435 42811913 27 292931 13928492 162044 0 6082 0 0 2097152 0 0
SEP
MEM comp06 1608322774 2020/12/18 15:19:34 1 4096 65614610 302674 42784464 27 293141 13933294 162252 0 6082 0 0 2097152 0 0
SEP
MEM comp06 1608322775 2020/12/18 15:19:35 1 4096 65614610 322534 42764358 27 293385 13919444 162460 0 6082 0 0 2097152 0 0
SEP
MEM comp06 1608322776 2020/12/18 15:19:36 1 4096 65614610 234411 42852527 27 293553 13910520 162692 0 6082 0 0 2097152 0 0
SEP
MEM comp06 1608322777 2020/12/18 15:19:37 1 4096 65614610 263926 42822583 27 293743 13912402 162892 0 6082 0 0 2097152 0 0
SEP
MEM comp06 1608322778 2020/12/18 15:19:38 1 4096 65614610 283193 42802880 27 294035 13930689 163100 0 6082 0 0 2097152 0 0
SEP
MEM comp06 1608322779 2020/12/18 15:19:39 1 4096 65614610 315233 42770790 27 294223 13916228 163308 0 6082 0 0 2097152 0 0
SEP
MEM comp06 1608322780 2020/12/18 15:19:40 1 4096 65614610 232033 42853852 27 294425 13906211 163532 0 6082 0 0 2097152 0 0
SEP
MEM comp06 1608322781 2020/12/18 15:19:41 1 4096 65614610 237811 42847565 27 294631 13893339 163732 0 6082 0 0 2097152 0 0
SEP
MEM comp06 1608322782 2020/12/18 15:19:42 1 4096 65614610 259248 42825996 27 294991 13885261 163980 0 6082 0 0 2097152 0 0
SEP
MEM comp06 1608322783 2020/12/18 15:19:43 1 4096 65614610 253669 42831446 27 295107 13861733 164188 0 6082 0 0 2097152 0 0
SEP
MEM comp06 1608322784 2020/12/18 15:19:44 1 4096 65614610 276439 42808816 27 295295 13850963 164380 0 6082 0 0 2097152 0 0
SEP
MEM comp06 1608322785 2020/12/18 15:19:45 1 4096 65614610 887155 42931427 27 295617 13846842 164684 0 6082 0 0 2097152 0 0
SEP
MEM comp06 1608322786 2020/12/18 15:19:46 1 4096 65614610 761088 43057257 27 295917 13862016 164972 0 6082 0 0 2097152 0 0
SEP
MEM comp06 1608322787 2020/12/18 15:19:47 1 4096 65614610 639464 43178651 27 296157 13886844 165228 0 6082 0 0 2097152 0 0
SEP
MEM comp06 1608322788 2020/12/18 15:19:48 1 4096 65614610 519176 43298589 27 296507 13888836 165532 0 6082 0 0 2097152 0 0
SEP
MEM comp06 1608322789 2020/12/18 15:19:49 1 4096 65614610 400803 43416707 27 296763 13905830 165804 0 6082 0 0 2097152 0 0
SEP
MEM comp06 1608322790 2020/12/18 15:19:50 1 4096 65614610 284450 43532823 27 297003 13924398 166060 0 6082 0 0 2097152 0 0
SEP
MEM comp06 1608322791 2020/12/18 15:19:51 1 4096 65614610 302805 43514167 27 297361 13966375 166332 0 6082 0 0 2097152 0 0
SEP
MEM comp06 1608322792 2020/12/18 15:19:52 1 4096 65614610 316741 43499762 27 297761 13969769 166580 0 6082 0 0 2097152 0 0
SEP
MEM comp06 1608322793 2020/12/18 15:19:53 1 4096 65614610 232210 43584231 27 297803 13958500 166828 0 6082 0 0 2097152 0 0
SEP
MEM comp06 1608322794 2020/12/18 15:19:54 1 4096 65614610 282225 43534030 27 298029 13971349 167076 0 6082 0 0 2097152 0 0
SEP
MEM comp06 1608322795 2020/12/18 15:19:55 1 4096 65614610 331365 43485129 27 298267 13986179 167284 0 6082 0 0 2097152 0 0
SEP
MEM comp06 1608322796 2020/12/18 15:19:56 1 4096 65614610 232699 43582917 27 298629 14004622 167580 0 6082 0 0 2097152 0 0
SEP
MEM comp06 1608322797 2020/12/18 15:19:57 1 4096 65614610 273283 43542189 27 298793 14036692 167828 0 6082 0 0 2097152 0 0
SEP
MEM comp06 1608322798 2020/12/18 15:19:58 1 4096 65614610 250771 43564467 27 299087 14044660 168076 0 6082 0 0 2097152 0 0
SEP
MEM comp06 1608322799 2020/12/18 15:19:59 1 4096 65614610 263804 43551156 27 299319 14068664 168308 0 6082 0 0 2097152 0 0
SEP
MEM comp06 1608322800 2020/12/18 15:20:00 1 4096 65614610 250012 43564774 27 299491 14055136 168540 0 6082 0 0 2097152 0 0
SEP
MEM comp06 1608322801 2020/12/18 15:20:01 1 4096 65614610 261517 43553127 27 299725 14038276 168772 0 6082 0 0 2097152 0 0
SEP
MEM comp06 1608322802 2020/12/18 15:20:02 1 4096 65614610 247482 43566939 27 299977 14053888 169012 0 6082 0 0 2097152 0 0
SEP
MEM comp06 1608322803 2020/12/18 15:20:03 1 4096 65614610 307324 43506721 27 300293 14078270 169244 0 6082 0 0 2097152 0 0
SEP
MEM comp06 1608322804 2020/12/18 15:20:04 1 4096 65614610 258355 43555524 27 300423 14104376 169476 0 6082 0 0 2097152 0 0
SEP
MEM comp06 1608322805 2020/12/18 15:20:05 1 4096 65614610 315926 43497744 27 300735 14124404 169676 0 6082 0 0 2097152 0 0
SEP
MEM comp06 1608322806 2020/12/18 15:20:06 1 4096 65614610 259861 43553563 27 300877 14143832 169884 0 6082 0 0 2097152 0 0
SEP
MEM comp06 1608322807 2020/12/18 15:20:07 1 4096 65614610 289377 43524064 27 301045 14156898 170076 0 6082 0 0 2097152 0 0
SEP
MEM comp06 1608322808 2020/12/18 15:20:08 1 4096 65614610 1043898 43485092 27 301267 14178084 170300 0 6082 0 0 2097152 0 0
SEP
MEM comp06 1608322809 2020/12/18 15:20:09 1 4096 65614610 247481 43588324 27 301485 14206034 170524 0 6082 0 0 2097152 0 0
SEP
MEM comp06 1608322810 2020/12/18 15:20:10 1 4096 65614610 274473 43538168 27 301701 14229471 170748 0 6082 0 0 2097152 0 0
SEP
MEM comp06 1608322811 2020/12/18 15:20:11 1 4096 65614610 350929 43461374 27 301973 14237167 170948 0 6082 0 0 2097152 0 0
SEP
MEM comp06 1608322812 2020/12/18 15:20:12 1 4096 65614610 264224 43548262 27 302101 14229023 171132 0 6082 0 0 2097152 0 0
SEP
MEM comp06 1608322813 2020/12/18 15:20:13 1 4096 65614610 291112 43520883 27 302293 14190169 171356 0 6082 0 0 2097152 0 0
SEP
MEM comp06 1608322814 2020/12/18 15:20:14 1 4096 65614610 197943 43613811 27 302535 14172040 171564 0 6082 0 0 2097152 0 0
SEP
MEM comp06 1608322815 2020/12/18 15:20:15 1 4096 65614610 239372 43572213 27 302749 14157908 171764 0 6082 0 0 2097152 0 0
SEP
MEM comp06 1608322816 2020/12/18 15:20:16 1 4096 65614610 290690 43520706 27 302965 14129348 171988 0 6082 0 0 2097152 0 0
SEP
MEM comp06 1608322817 2020/12/18 15:20:17 1 4096 65614610 327866 43483462 27 303287 14104936 172212 0 6082 0 0 2097152 0 0
SEP
MEM comp06 1608322818 2020/12/18 15:20:18 1 4096 65614610 276306 43534685 27 303437 14083606 172452 0 6082 0 0 2097152 0 0
SEP
MEM comp06 1608322819 2020/12/18 15:20:19 1 4096 65614610 255966 43554660 27 303693 14075270 172684 0 6082 0 0 2097152 0 0
SEP
MEM comp06 1608322820 2020/12/18 15:20:20 1 4096 65614610 253075 43557253 27 303925 14077950 172916 0 6082 0 0 2097152 0 0
SEP
MEM comp06 1608322821 2020/12/18 15:20:21 1 4096 65614610 256498 43553568 27 304163 14078839 173148 0 6082 0 0 2097152 0 0
SEP
MEM comp06 1608322822 2020/12/18 15:20:22 1 4096 65614610 258938 43551255 27 304339 14096855 173364 0 6082 0 0 2097152 0 0
SEP
MEM comp06 1608322823 2020/12/18 15:20:23 1 4096 65614610 250577 43559173 27 304589 14092725 173612 0 6082 0 0 2097152 0 0
SEP
MEM comp06 1608322824 2020/12/18 15:20:24 1 4096 65614610 255943 43553457 27 304837 14082527 173844 0 6082 0 0 2097152 0 0
SEP
MEM comp06 1608322825 2020/12/18 15:20:25 1 4096 65614610 254994 43554222 27 305065 14079690 174076 0 6082 0 0 2097152 0 0
SEP
MEM comp06 1608322826 2020/12/18 15:20:26 1 4096 65614610 258927 43549994 27 305283 14076475 174308 0 6082 0 0 2097152 0 0
SEP
MEM comp06 1608322827 2020/12/18 15:20:27 1 4096 65614610 263142 43545760 27 305405 14080185 174460 0 6082 0 0 2097152 0 0
SEP
MEM comp06 1608322828 2020/12/18 15:20:28 1 4096 65614610 248157 43560390 27 305665 14061999 174764 0 6082 0 0 2097152 0 0
SEP
MEM comp06 1608322829 2020/12/18 15:20:29 1 4096 65614610 250475 43557821 27 305937 14080279 175012 0 6082 0 0 2097152 0 0
SEP
MEM comp06 1608322830 2020/12/18 15:20:30 1 4096 65614610 254884 43553175 27 306163 14096712 175228 0 6082 0 0 2097152 0 0
SEP
MEM comp06 1608322831 2020/12/18 15:20:31 1 4096 65614610 254839 43553013 27 306383 14092542 175444 0 6082 0 0 2097152 0 0
SEP
MEM comp06 1608322832 2020/12/18 15:20:32 1 4096 65614610 258749 43548999 27 306551 14083261 175596 0 6082 0 0 2097152 0 0
SEP
MEM comp06 1608322833 2020/12/18 15:20:33 1 4096 65614610 252423 43555041 27 306797 14099499 175908 0 6082 0 0 2097152 0 0
SEP
MEM comp06 1608322834 2020/12/18 15:20:34 1 4096 65614610 253605 43553637 27 307015 14115630 176124 0 6082 0 0 2097152 0 0
SEP
MEM comp06 1608322835 2020/12/18 15:20:35 1 4096 65614610 261965 43544963 27 307237 14126971 176324 0 6082 0 0 2097152 0 0
SEP
MEM comp06 1608322836 2020/12/18 15:20:36 1 4096 65614610 325495 43481253 27 307449 14128979 176540 0 6082 0 0 2097152 0 0
SEP
MEM comp06 1608322837 2020/12/18 15:20:37 1 4096 65614610 230616 43576048 27 307617 14139228 176684 0 6082 0 0 2097152 0 0
SEP
MEM comp06 1608322838 2020/12/18 15:20:38 1 4096 65614610 268150 43538258 27 307877 14154597 176956 0 6082 0 0 2097152 0 0
SEP
MEM comp06 1608322839 2020/12/18 15:20:39 1 4096 65614610 335299 43471307 27 308125 14164699 177156 0 6082 0 0 2097152 0 0
SEP
MEM comp06 1608322840 2020/12/18 15:20:40 1 4096 65614610 243619 43562391 27 308301 14166140 177380 0 6082 0 0 2097152 0 0
SEP
MEM comp06 1608322841 2020/12/18 15:20:41 1 4096 65614610 290469 43515300 27 308477 14169767 177564 0 6082 0 0 2097152 0 0
SEP
MEM comp06 1608322842 2020/12/18 15:20:42 1 4096 65614610 325653 43479865 27 308701 14178333 177756 0 6082 0 0 2097152 0 0
SEP
MEM comp06 1608322843 2020/12/18 15:20:43 1 4096 65614610 283360 43521964 27 308971 14180335 177956 0 6082 0 0 2097152 0 0
SEP
MEM comp06 1608322844 2020/12/18 15:20:44 1 4096 65614610 251363 43553742 27 309143 14184453 178148 0 6082 0 0 2097152 0 0
SEP
MEM comp06 1608322845 2020/12/18 15:20:45 1 4096 65614610 261085 43544258 27 309235 14190975 178260 0 6082 0 0 2097152 0 0
SEP
MEM comp06 1608322846 2020/12/18 15:20:46 1 4096 65614610 372919 43431868 27 309445 14167643 178518 0 6082 0 0 2097152 0 0
SEP
MEM comp06 1608322847 2020/12/18 15:20:47 1 4096 65614610 285246 43519417 27 309735 14175048 178702 0 6082 0 0 2097152 0 0
SEP
MEM comp06 1608322848 2020/12/18 15:20:48 1 4096 65614610 316625 43487854 27 309841 14158986 178902 0 6082 0 0 2097152 0 0
SEP
MEM comp06 1608322849 2020/12/18 15:20:49 1 4096 65614610 225172 43579074 27 310041 14128004 179118 0 6082 0 0 2097152 0 0
SEP
MEM comp06 1608322850 2020/12/18 15:20:50 1 4096 65614610 288936 43515114 27 310313 14101482 179310 0 6082 0 0 2097152 0 0
SEP
MEM comp06 1608322851 2020/12/18 15:20:51 1 4096 65614610 274628 43529109 27 310573 14103040 179558 0 6082 0 0 2097152 0 0
SEP
MEM comp06 1608322852 2020/12/18 15:20:52 1 4096 65614610 275465 43528034 27 310765 14116354 179790 0 6082 0 0 2097152 0 0
SEP
MEM comp06 1608322853 2020/12/18 15:20:53 1 4096 65614610 311597 43491789 27 310899 14120647 179966 0 6082 0 0 2097152 0 0
SEP
MEM comp06 1608322854 2020/12/18 15:20:54 1 4096 65614610 233586 43569343 27 311157 14126970 180214 0 6082 0 0 2097152 0 0
SEP
MEM comp06 1608322855 2020/12/18 15:20:55 1 4096 65614610 291613 43511386 27 311403 14105519 180406 0 6082 0 0 2097152 0 0
SEP
MEM comp06 1608322856 2020/12/18 15:20:56 1 4096 65614610 318777 43483948 27 311585 14083260 180638 0 6082 0 0 2097152 0 0
SEP
MEM comp06 1608322857 2020/12/18 15:20:57 1 4096 65614610 230825 43571674 27 311795 14093960 180854 0 6082 0 0 2097152 0 0
SEP
MEM comp06 1608322858 2020/12/18 15:20:58 1 4096 65614610 272484 43529778 27 312031 14108827 181078 0 6082 0 0 2097152 0 0
SEP
MEM comp06 1608322859 2020/12/18 15:20:59 1 4096 65614610 313716 43488402 27 312231 14120343 181286 0 6082 0 0 2097152 0 0
SEP
MEM comp06 1608322860 2020/12/18 15:21:00 1 4096 65614610 553670 43600192 27 312459 14134336 181510 0 6082 0 0 2097152 0 0
SEP
MEM comp06 1608322861 2020/12/18 15:21:01 1 4096 65614610 331647 43470162 27 312647 14144530 181742 0 6082 0 0 2097152 0 0
SEP
MEM comp06 1608322862 2020/12/18 15:21:02 1 4096 65614610 231903 43569347 27 312987 14138015 182014 0 6082 0 0 2097152 0 0
SEP
MEM comp06 1608322863 2020/12/18 15:21:03 1 4096 65614610 315338 43485713 27 313159 14126757 182254 0 6082 0 0 2097152 0 0
SEP
MEM comp06 1608322864 2020/12/18 15:21:04 1 4096 65614610 251724 43549128 27 313401 14123404 182462 0 6082 0 0 2097152 0 0
SEP
MEM comp06 1608322865 2020/12/18 15:21:05 1 4096 65614610 301409 43499218 27 313627 14126140 182710 0 6082 0 0 2097152 0 0
SEP
MEM comp06 1608322866 2020/12/18 15:21:06 1 4096 65614610 204541 43595731 27 313847 14125380 182926 0 6082 0 0 2097152 0 0
SEP
MEM comp06 1608322867 2020/12/18 15:21:07 1 4096 65614610 241121 43559055 27 314059 14123037 183134 0 6082 0 0 2097152 0 0
SEP
MEM comp06 1608322868 2020/12/18 15:21:08 1 4096 65614610 264366 43535525 27 314313 14123319 183358 0 6082 0 0 2097152 0 0
SEP
MEM comp06 1608322869 2020/12/18 15:21:09 1 4096 65614610 280851 43519352 27 314497 14126575 183566 0 6082 0 0 2097152 0 0
SEP
MEM comp06 1608322870 2020/12/18 15:21:10 1 4096 65614610 314809 43484700 27 314735 14124711 183782 0 6082 0 0 2097152 0 0
SEP
MEM comp06 1608322871 2020/12/18 15:21:11 1 4096 65614610 234961 43564365 27 314937 14120487 184006 0 6082 0 0 2097152 0 0
SEP
MEM comp06 1608322872 2020/12/18 15:21:12 1 4096 65614610 252858 43546224 27 315149 14123373 184230 0 6082 0 0 2097152 0 0
SEP
MEM comp06 1608322873 2020/12/18 15:21:13 1 4096 65614610 278957 43519758 27 315509 14131765 184454 0 6082 0 0 2097152 0 0
SEP
MEM comp06 1608322874 2020/12/18 15:21:14 1 4096 65614610 1013254 43489594 27 315741 14127179 184686 0 6082 0 0 2097152 0 0
SEP
MEM comp06 1608322875 2020/12/18 15:21:15 1 4096 65614610 918411 43613254 27 315842 14127319 184878 0 6082 0 0 2097152 0 0
SEP
MEM comp06 1608322876 2020/12/18 15:21:16 1 4096 65614610 264530 43533627 27 316240 14120853 185222 0 6082 0 0 2097152 0 0
SEP
MEM comp06 1608322877 2020/12/18 15:21:17 1 4096 65614610 292876 43505002 27 316438 14110537 185486 0 6082 0 0 2097152 0 0
SEP
MEM comp06 1608322878 2020/12/18 15:21:18 1 4096 65614610 255897 43541684 27 316702 14095615 185726 0 6082 0 0 2097152 0 0
SEP
MEM comp06 1608322879 2020/12/18 15:21:19 1 4096 65614610 255498 43541900 27 316912 14097113 185958 0 6082 0 0 2097152 0 0
SEP
MEM comp06 1608322880 2020/12/18 15:21:20 1 4096 65614610 254773 43542469 27 317112 14083080 186182 0 6082 0 0 2097152 0 0
SEP
MEM comp06 1608322881 2020/12/18 15:21:21 1 4096 65614610 276123 43520639 27 317490 14079668 186494 0 6082 0 0 2097152 0 0
SEP
MEM comp06 1608322882 2020/12/18 15:21:22 1 4096 65614610 294503 43502123 27 317724 14084935 186782 0 6082 0 0 2097152 0 0
SEP
MEM comp06 1608322883 2020/12/18 15:21:23 1 4096 65614610 224813 43571534 27 317974 14109786 187030 0 6082 0 0 2097152 0 0
SEP
MEM comp06 1608322884 2020/12/18 15:21:24 1 4096 65614610 262817 43533319 27 318372 14131372 187286 0 6082 0 0 2097152 0 0
SEP
MEM comp06 1608322885 2020/12/18 15:21:25 1 4096 65614610 299112 43496962 27 318502 14151876 187518 0 6082 0 0 2097152 0 0
SEP
MEM comp06 1608322886 2020/12/18 15:21:26 1 4096 65614610 319587 43475970 27 318798 14138822 187770 0 6082 0 0 2097152 0 0
SEP
MEM comp06 1608322887 2020/12/18 15:21:27 1 4096 65614610 237505 43557844 27 319086 14121294 188002 0 6082 0 0 2097152 0 0
SEP
MEM comp06 1608322888 2020/12/18 15:21:28 1 4096 65614610 279021 43516219 27 319192 14103388 188234 0 6082 0 0 2097152 0 0
SEP
MEM comp06 1608322889 2020/12/18 15:21:29 1 4096 65614610 285670 43509275 27 319424 14098558 188474 0 6082 0 0 2097152 0 0
SEP
MEM comp06 1608322890 2020/12/18 15:21:30 1 4096 65614610 284839 43509665 27 319786 14115042 188714 0 6082 0 0 2097152 0 0
SEP
MEM comp06 1608322891 2020/12/18 15:21:31 1 4096 65614610 977332 43488871 27 319854 14129472 188866 0 6082 0 0 2097152 0 0
SEP
MEM comp06 1608322892 2020/12/18 15:21:32 1 4096 65614610 496056 43606278 27 320094 14147918 189154 0 6082 0 0 2097152 0 0
SEP
MEM comp06 1608322893 2020/12/18 15:21:33 1 4096 65614610 282652 43511598 27 320352 14134221 189426 0 6082 0 0 2097152 0 0
SEP
MEM comp06 1608322894 2020/12/18 15:21:34 1 4096 65614610 290958 43502677 27 320704 14139779 189730 0 6082 0 0 2097152 0 0
SEP
MEM comp06 1608322895 2020/12/18 15:21:35 1 4096 65614610 297705 43495628 27 320894 14151784 189962 0 6082 0 0 2097152 0 0
SEP
MEM comp06 1608322896 2020/12/18 15:21:36 1 4096 65614610 269932 43523285 27 321176 14137268 190202 0 6082 0 0 2097152 0 0
SEP
MEM comp06 1608322897 2020/12/18 15:21:37 1 4096 65614610 1029100 43428303 27 321360 14128141 190434 0 6082 0 0 2097152 0 0
SEP
MEM comp06 1608322898 2020/12/18 15:21:38 1 4096 65614610 866758 43133427 27 321717 14129617 190690 0 6082 0 0 2097152 0 0
SEP
MEM comp06 1608322899 2020/12/18 15:21:39 1 4096 65614610 1403301 42761673 27 321925 14127317 190882 0 6082 0 0 2097152 0 0
SEP
MEM comp06 1608322900 2020/12/18 15:21:40 1 4096 65614610 1511832 42487840 27 322113 14117644 191178 0 6082 0 0 2097152 0 0
SEP
MEM comp06 1608322901 2020/12/18 15:21:41 1 4096 65614610 1197131 42594697 27 322321 14110194 191370 0 6082 0 0 2097152 0 0
SEP
MEM comp06 1608322902 2020/12/18 15:21:42 1 4096 65614610 1091012 42700697 27 322623 14120481 191690 0 6082 0 0 2097152 0 0
SEP
MEM comp06 1608322903 2020/12/18 15:21:43 1 4096 65614610 987311 42804154 27 322871 14128072 191946 0 6082 0 0 2097152 0 0
SEP
MEM comp06 1608322904 2020/12/18 15:21:44 1 4096 65614610 882179 42909014 27 323087 14113762 192170 0 6082 0 0 2097152 0 0
SEP
MEM comp06 1608322905 2020/12/18 15:21:45 1 4096 65614610 772328 43018531 27 323409 14099323 192402 0 6082 0 0 2097152 0 0
SEP
MEM comp06 1608322906 2020/12/18 15:21:46 1 4096 65614610 657616 43133006 27 323729 14087260 192674 0 6082 0 0 2097152 0 0
SEP
MEM comp06 1608322907 2020/12/18 15:21:47 1 4096 65614610 1812889 43275692 27 324073 14116252 192994 0 6082 0 0 2097152 0 0
SEP
MEM comp06 1608322908 2020/12/18 15:21:48 1 4096 65614610 1260466 43422833 27 324227 14153953 193274 0 6082 0 0 2097152 0 0
SEP
MEM comp06 1608322909 2020/12/18 15:21:49 1 4096 65614610 1738841 43557925 27 324581 14174068 193610 0 6082 0 0 2097152 0 0
SEP
MEM comp06 1608322910 2020/12/18 15:21:50 1 4096 65614610 2159159 43692969 27 324787 14183080 193858 0 6082 0 0 2097152 0 0
SEP
MEM comp06 1608322911 2020/12/18 15:21:51 1 4096 65614610 1512059 43831326 27 325251 14194733 194266 0 6082 0 0 2097152 0 0
SEP
MEM comp06 1608322912 2020/12/18 15:21:52 1 4096 65614610 810298 43969415 27 325571 14213871 194482 0 6082 0 0 2097152 0 0
SEP
MEM comp06 1608322913 2020/12/18 15:21:53 1 4096 65614610 877970 44113044 27 325907 14250971 194898 0 6082 0 0 2097152 0 0
SEP
MEM comp06 1608322914 2020/12/18 15:21:54 1 4096 65614610 1277690 44248110 27 326203 14277288 195226 0 6082 0 0 2097152 0 0
SEP
MEM comp06 1608322915 2020/12/18 15:21:55 1 4096 65614610 1530649 44381776 27 326429 14291842 195442 0 6082 0 0 2097152 0 0
SEP
MEM comp06 1608322916 2020/12/18 15:21:56 1 4096 65614610 1425952 44534511 27 326932 14321190 195874 0 6082 0 0 2097152 0 0
SEP
MEM comp06 1608322917 2020/12/18 15:21:57 1 4096 65614610 242544 44278711 27 327100 14354093 196074 0 6082 0 0 2097152 0 0
SEP
MEM comp06 1608322918 2020/12/18 15:21:58 1 4096 65614610 289252 44231139 27 327544 14370552 196506 0 6082 0 0 2097152 0 0
SEP
MEM comp06 1608322919 2020/12/18 15:21:59 1 4096 65614610 301262 44218787 27 327846 14407486 196826 0 6082 0 0 2097152 0 0
SEP
MEM comp06 1608322920 2020/12/18 15:22:00 1 4096 65614610 287771 44231784 27 328112 14446405 197090 0 6082 0 0 2097152 0 0
SEP
MEM comp06 1608322921 2020/12/18 15:22:01 1 4096 65614610 324506 44194740 27 328472 14482995 197458 0 6082 0 0 2097152 0 0
SEP
MEM comp06 1608322922 2020/12/18 15:22:02 1 4096 65614610 231400 44287574 27 328966 14542851 197842 0 6082 0 0 2097152 0 0
SEP
MEM comp06 1608322923 2020/12/18 15:22:03 1 4096 65614610 235957 44282975 27 329246 14593852 198114 0 6082 0 0 2097152 0 0
SEP
MEM comp06 1608322924 2020/12/18 15:22:04 1 4096 65614610 231746 44286549 27 329652 14625854 198538 0 6082 0 0 2097152 0 0
SEP
MEM comp06 1608322925 2020/12/18 15:22:05 1 4096 65614610 238868 44279216 27 329902 14652539 198834 0 6082 0 0 2097152 0 0
SEP
MEM comp06 1608322926 2020/12/18 15:22:06 1 4096 65614610 247419 44270496 27 330090 14660617 199066 0 6082 0 0 2097152 0 0
SEP
MEM comp06 1608322927 2020/12/18 15:22:07 1 4096 65614610 267800 44249825 27 330482 14656249 199370 0 6082 0 0 2097152 0 0
SEP
MEM comp06 1608322928 2020/12/18 15:22:08 1 4096 65614610 278871 44238530 27 330680 14658716 199610 0 6082 0 0 2097152 0 0
SEP
MEM comp06 1608322929 2020/12/18 15:22:09 1 4096 65614610 300281 44216946 27 330900 14648462 199842 0 6082 0 0 2097152 0 0
SEP
MEM comp06 1608322930 2020/12/18 15:22:10 1 4096 65614610 317275 44199793 27 331168 14630193 200066 0 6082 0 0 2097152 0 0
SEP
MEM comp06 1608322931 2020/12/18 15:22:11 1 4096 65614610 253502 44263274 27 331330 14621130 200250 0 6082 0 0 2097152 0 0
SEP
MEM comp06 1608322932 2020/12/18 15:22:12 1 4096 65614610 239067 44277481 27 331606 14609203 200506 0 6082 0 0 2097152 0 0
SEP
MEM comp06 1608322933 2020/12/18 15:22:13 1 4096 65614610 264158 44252280 27 331804 14598817 200730 0 6082 0 0 2097152 0 0
SEP
MEM comp06 1608322934 2020/12/18 15:22:14 1 4096 65614610 283247 44232942 27 332058 14573319 200946 0 6082 0 0 2097152 0 0
SEP
MEM comp06 1608322935 2020/12/18 15:22:15 1 4096 65614610 311717 44204300 27 332248 14553409 201170 0 6082 0 0 2097152 0 0
SEP
MEM comp06 1608322936 2020/12/18 15:22:16 1 4096 65614610 327092 44188607 27 332450 14541534 201362 0 6082 0 0 2097152 0 0
SEP
MEM comp06 1608322937 2020/12/18 15:22:17 1 4096 65614610 224398 44291201 27 332700 14528089 201642 0 6082 0 0 2097152 0 0
SEP
MEM comp06 1608322938 2020/12/18 15:22:18 1 4096 65614610 243462 44271782 27 332940 14514949 201882 0 6082 0 0 2097152 0 0
SEP
MEM comp06 1608322939 2020/12/18 15:22:19 1 4096 65614610 256435 44258596 27 333172 14503843 202114 0 6082 0 0 2097152 0 0
SEP
MEM comp06 1608322940 2020/12/18 15:22:20 1 4096 65614610 268735 44246064 27 333424 14502327 202346 0 6082 0 0 2097152 0 0
SEP
MEM comp06 1608322941 2020/12/18 15:22:21 1 4096 65614610 282159 44232513 27 333690 14507822 202522 0 6082 0 0 2097152 0 0
SEP
MEM comp06 1608322942 2020/12/18 15:22:22 1 4096 65614610 301497 44213108 27 333864 14500705 202794 0 6082 0 0 2097152 0 0
SEP
MEM comp06 1608322943 2020/12/18 15:22:23 1 4096 65614610 314255 44199825 27 334150 14482326 203042 0 6082 0 0 2097152 0 0
SEP
MEM comp06 1608322944 2020/12/18 15:22:24 1 4096 65614610 324000 44189938 27 334360 14467466 203274 0 6082 0 0 2097152 0 0
SEP
MEM comp06 1608322945 2020/12/18 15:22:25 1 4096 65614610 231562 44281996 27 334594 14454447 203522 0 6082 0 0 2097152 0 0
SEP
MEM comp06 1608322946 2020/12/18 15:22:26 1 4096 65614610 228997 44284230 27 334884 14443038 203770 0 6082 0 0 2097152 0 0
SEP
MEM comp06 1608322947 2020/12/18 15:22:27 1 4096 65614610 235077 44277630 27 335068 14446132 203978 0 6082 0 0 2097152 0 0
SEP
MEM comp06 1608322948 2020/12/18 15:22:28 1 4096 65614610 242453 44270402 27 335330 14458482 204242 0 6082 0 0 2097152 0 0
SEP
MEM comp06 1608322949 2020/12/18 15:22:29 1 4096 65614610 250723 44261905 27 335544 14447541 204474 0 6082 0 0 2097152 0 0
SEP
MEM comp06 1608322950 2020/12/18 15:22:30 1 4096 65614610 258813 44253358 27 335952 14457147 204746 0 6082 0 0 2097152 0 0
SEP
MEM comp06 1608322951 2020/12/18 15:22:31 1 4096 65614610 266886 44245084 27 336194 14460250 205010 0 6082 0 0 2097152 0 0
SEP
MEM comp06 1608322952 2020/12/18 15:22:32 1 4096 65614610 283497 44228259 27 336274 14482283 205210 0 6082 0 0 2097152 0 0
SEP
MEM comp06 1608322953 2020/12/18 15:22:33 1 4096 65614610 294739 44216819 27 336590 14464067 205490 0 6082 0 0 2097152 0 0
SEP
MEM comp06 1608322954 2020/12/18 15:22:34 1 4096 65614610 305100 44206363 27 336862 14446612 205714 0 6082 0 0 2097152 0 0
SEP
MEM comp06 1608322955 2020/12/18 15:22:35 1 4096 65614610 312614 44198454 27 337048 14433621 205954 0 6082 0 0 2097152 0 0
SEP
MEM comp06 1608322956 2020/12/18 15:22:36 1 4096 65614610 318286 44192453 27 337318 14426425 206202 0 6082 0 0 2097152 0 0
SEP
MEM comp06 1608322957 2020/12/18 15:22:37 1 4096 65614610 324994 44185412 27 337600 14444030 206426 0 6082 0 0 2097152 0 0
SEP
MEM comp06 1608322958 2020/12/18 15:22:38 1 4096 65614610 229671 44280868 27 337774 14460548 206674 0 6082 0 0 2097152 0 0
SEP
MEM comp06 1608322959 2020/12/18 15:22:39 1 4096 65614610 229024 44281083 27 338008 14447434 206914 0 6082 0 0 2097152 0 0
SEP
MEM comp06 1608322960 2020/12/18 15:22:40 1 4096 65614610 237179 44272656 27 338316 14434392 207146 0 6082 0 0 2097152 0 0
SEP
MEM comp06 1608322961 2020/12/18 15:22:41 1 4096 65614610 244417 44265190 27 338610 14418070 207394 0 6082 0 0 2097152 0 0
SEP
MEM comp06 1608322962 2020/12/18 15:22:42 1 4096 65614610 247349 44261953 27 338784 14408760 207682 0 6082 0 0 2097152 0 0
SEP
MEM comp06 1608322963 2020/12/18 15:22:43 1 4096 65614610 248855 44260366 27 339028 14399434 207946 0 6082 0 0 2097152 0 0
SEP
MEM comp06 1608322964 2020/12/18 15:22:44 1 4096 65614610 250546 44258409 27 339262 14400857 208186 0 6082 0 0 2097152 0 0
SEP
MEM comp06 1608322965 2020/12/18 15:22:45 1 4096 65614610 228651 44280187 27 339528 14412306 208394 0 6082 0 0 2097152 0 0
SEP
MEM comp06 1608322966 2020/12/18 15:22:46 1 4096 65614610 247305 44261159 27 339872 14418572 208698 0 6082 0 0 2097152 0 0
SEP
MEM comp06 1608322967 2020/12/18 15:22:47 1 4096 65614610 261828 44246651 27 340006 14404352 208922 0 6082 0 0 2097152 0 0
SEP
MEM comp06 1608322968 2020/12/18 15:22:48 1 4096 65614610 274298 44233635 27 340254 14397072 209186 0 6082 0 0 2097152 0 0
SEP
MEM comp06 1608322969 2020/12/18 15:22:49 1 4096 65614610 275172 44232581 27 340608 14408810 209514 0 6082 0 0 2097152 0 0
SEP
MEM comp06 1608322970 2020/12/18 15:22:50 1 4096 65614610 287498 44219896 27 340812 14396044 209738 0 6082 0 0 2097152 0 0
SEP
MEM comp06 1608322971 2020/12/18 15:22:51 1 4096 65614610 287885 44219502 27 341048 14405577 210002 0 6082 0 0 2097152 0 0
SEP
MEM comp06 1608322972 2020/12/18 15:22:52 1 4096 65614610 290863 44216135 27 341304 14419712 210258 0 6082 0 0 2097152 0 0
SEP
MEM comp06 1608322973 2020/12/18 15:22:53 1 4096 65614610 295830 44211515 27 341472 14425181 210410 0 6082 0 0 2097152 0 0
SEP
MEM comp06 1608322974 2020/12/18 15:22:54 1 4096 65614610 301256 44205385 27 341796 14435212 210730 0 6082 0 0 2097152 0 0
SEP
MEM comp06 1608322975 2020/12/18 15:22:55 1 4096 65614610 309219 44196977 27 342058 14436347 210986 0 6082 0 0 2097152 0 0
SEP
MEM comp06 1608322976 2020/12/18 15:22:56 1 4096 65614610 320994 44184899 27 342358 14420242 211234 0 6082 0 0 2097152 0 0
SEP
MEM comp06 1608322977 2020/12/18 15:22:57 1 4096 65614610 325692 44180138 27 342560 14412327 211514 0 6082 0 0 2097152 0 0
SEP
MEM comp06 1608322978 2020/12/18 15:22:58 1 4096 65614610 314801 44190710 27 342874 14415074 211762 0 6082 0 0 2097152 0 0
SEP
MEM comp06 1608322979 2020/12/18 15:22:59 1 4096 65614610 353087 44152158 27 343110 14419598 212010 0 6082 0 0 2097152 0 0
SEP
MEM comp06 1608322980 2020/12/18 15:23:00 1 4096 65614610 256832 44248288 27 343328 14425581 212242 0 6082 0 0 2097152 0 0
SEP
MEM comp06 1608322981 2020/12/18 15:23:01 1 4096 65614610 261140 44243720 27 343574 14432390 212490 0 6082 0 0 2097152 0 0
SEP
MEM comp06 1608322982 2020/12/18 15:23:02 1 4096 65614610 274637 44230029 27 343780 14434782 212722 0 6082 0 0 2097152 0 0
SEP
MEM comp06 1608322983 2020/12/18 15:23:03 1 4096 65614610 282119 44222107 27 344160 14432897 212946 0 6082 0 0 2097152 0 0
SEP
MEM comp06 1608322984 2020/12/18 15:23:04 1 4096 65614610 307686 44196340 27 344350 14442742 213194 0 6082 0 0 2097152 0 0
SEP
MEM comp06 1608322985 2020/12/18 15:23:05 1 4096 65614610 323631 44180239 27 344532 14451012 213426 0 6082 0 0 2097152 0 0
SEP
MEM comp06 1608322986 2020/12/18 15:23:06 1 4096 65614610 225304 44278334 27 344768 14452777 213666 0 6082 0 0 2097152 0 0
SEP
MEM comp06 1608322987 2020/12/18 15:23:07 1 4096 65614610 237091 44266277 27 345002 14460173 213906 0 6082 0 0 2097152 0 0
SEP
MEM comp06 1608322988 2020/12/18 15:23:08 1 4096 65614610 238024 44265110 27 345276 14481044 214130 0 6082 0 0 2097152 0 0
SEP
MEM comp06 1608322989 2020/12/18 15:23:09 1 4096 65614610 256033 44247015 27 345446 14500891 214354 0 6082 0 0 2097152 0 0
SEP
MEM comp06 1608322990 2020/12/18 15:23:10 1 4096 65614610 265662 44237061 27 345696 14519160 214554 0 6082 0 0 2097152 0 0
SEP
MEM comp06 1608322991 2020/12/18 15:23:11 1 4096 65614610 287242 44215247 27 345884 14533939 214762 0 6082 0 0 2097152 0 0
SEP
MEM comp06 1608322992 2020/12/18 15:23:12 1 4096 65614610 320859 44181390 27 346128 14537934 214962 0 6082 0 0 2097152 0 0
SEP
MEM comp06 1608322993 2020/12/18 15:23:13 1 4096 65614610 237154 44265007 27 346276 14540075 215162 0 6082 0 0 2097152 0 0
SEP
MEM comp06 1608322994 2020/12/18 15:23:14 1 4096 65614610 270372 44231668 27 346426 14506936 215346 0 6082 0 0 2097152 0 0
SEP
MEM comp06 1608322995 2020/12/18 15:23:15 1 4096 65614610 297680 44204741 27 346612 14474438 215490 0 6082 0 0 2097152 0 0
SEP
MEM comp06 1608322996 2020/12/18 15:23:16 1 4096 65614610 319660 44181867 27 346872 14445155 215770 0 6082 0 0 2097152 0 0
SEP
MEM comp06 1608322997 2020/12/18 15:23:17 1 4096 65614610 226484 44274937 27 347056 14441400 215978 0 6082 0 0 2097152 0 0
SEP
MEM comp06 1608322998 2020/12/18 15:23:18 1 4096 65614610 950293 44252892 27 347248 14446940 216162 0 6082 0 0 2097152 0 0
SEP
MEM comp06 1608322999 2020/12/18 15:23:19 1 4096 65614610 252499 44248415 27 347524 14470948 216442 0 6082 0 0 2097152 0 0
SEP
MEM comp06 1608323000 2020/12/18 15:23:20 1 4096 65614610 241741 44258900 27 347756 14460587 216666 0 6082 0 0 2097152 0 0
SEP
MEM comp06 1608323001 2020/12/18 15:23:21 1 4096 65614610 261119 44239184 27 347980 14441022 216882 0 6082 0 0 2097152 0 0
SEP
MEM comp06 1608323002 2020/12/18 15:23:22 1 4096 65614610 273298 44226795 27 348236 14416644 217114 0 6082 0 0 2097152 0 0
SEP
MEM comp06 1608323003 2020/12/18 15:23:23 1 4096 65614610 284302 44215620 27 348452 14421619 217330 0 6082 0 0 2097152 0 0
SEP
MEM comp06 1608323004 2020/12/18 15:23:24 1 4096 65614610 296724 44203026 27 348658 14408885 217570 0 6082 0 0 2097152 0 0
SEP
MEM comp06 1608323005 2020/12/18 15:23:25 1 4096 65614610 311105 44188304 27 348984 14425574 217818 0 6082 0 0 2097152 0 0
SEP
MEM comp06 1608323006 2020/12/18 15:23:26 1 4096 65614610 327377 44171796 27 349152 14452626 218042 0 6082 0 0 2097152 0 0
SEP
MEM comp06 1608323007 2020/12/18 15:23:27 1 4096 65614610 231980 44266932 27 349368 14483190 218242 0 6082 0 0 2097152 0 0
SEP
MEM comp06 1608323008 2020/12/18 15:23:28 1 4096 65614610 257976 44240774 27 349498 14516293 218386 0 6082 0 0 2097152 0 0
SEP
MEM comp06 1608323009 2020/12/18 15:23:29 1 4096 65614610 288559 44210010 27 349764 14542807 218642 0 6082 0 0 2097152 0 0
SEP
MEM comp06 1608323010 2020/12/18 15:23:30 1 4096 65614610 326036 44172416 27 349968 14560860 218818 0 6082 0 0 2097152 0 0
SEP
MEM comp06 1608323011 2020/12/18 15:23:31 1 4096 65614610 254517 44243698 27 350052 14575504 218962 0 6082 0 0 2097152 0 0
SEP
MEM comp06 1608323012 2020/12/18 15:23:32 1 4096 65614610 281851 44216651 27 350194 14559009 219090 0 6082 0 0 2097152 0 0
SEP
MEM comp06 1608323013 2020/12/18 15:23:33 1 4096 65614610 333459 44164585 27 350402 14520338 219282 0 6081 0 0 2097152 0 0
SEP
MEM comp06 1608323014 2020/12/18 15:23:34 1 4096 65614610 259112 44238805 27 350556 14494477 219426 0 6081 0 0 2097152 0 0
SEP
MEM comp06 1608323015 2020/12/18 15:23:35 1 4096 65614610 290601 44206963 27 350742 14460020 219626 0 6081 0 0 2097152 0 0
SEP
MEM comp06 1608323016 2020/12/18 15:23:36 1 4096 65614610 307186 44190349 27 350952 14433223 219754 0 6081 0 0 2097152 0 0
SEP
MEM comp06 1608323017 2020/12/18 15:23:37 1 4096 65614610 221877 44275645 27 351128 14397456 220002 0 6081 0 0 2097152 0 0
SEP
MEM comp06 1608323018 2020/12/18 15:23:38 1 4096 65614610 252154 44245123 27 351290 14373727 220202 0 6081 0 0 2097152 0 0
SEP
MEM comp06 1608323019 2020/12/18 15:23:39 1 4096 65614610 273280 44223693 27 351586 14345888 220418 0 6081 0 0 2097152 0 0
SEP
MEM comp06 1608323020 2020/12/18 15:23:40 1 4096 65614610 290688 44206012 27 351702 14319782 220602 0 6081 0 0 2097152 0 0
SEP
MEM comp06 1608323021 2020/12/18 15:23:41 1 4096 65614610 306115 44190528 27 351938 14316350 220842 0 6081 0 0 2097152 0 0
SEP
MEM comp06 1608323022 2020/12/18 15:23:42 1 4096 65614610 320970 44175445 27 352162 14307344 221066 0 6081 0 0 2097152 0 0
SEP
MEM comp06 1608323023 2020/12/18 15:23:43 1 4096 65614610 221808 44274333 27 352440 14284088 221314 0 6081 0 0 2097152 0 0
SEP
MEM comp06 1608323024 2020/12/18 15:23:44 1 4096 65614610 232701 44263213 27 352656 14276692 221546 0 6081 0 0 2097152 0 0
SEP
MEM comp06 1608323025 2020/12/18 15:23:45 1 4096 65614610 242633 44252874 27 352876 14254926 221722 0 6081 0 0 2097152 0 0
SEP
MEM comp06 1608323026 2020/12/18 15:23:46 1 4096 65614610 261155 44234199 27 353136 14243725 222026 0 6081 0 0 2097152 0 0
SEP
MEM comp06 1608323027 2020/12/18 15:23:47 1 4096 65614610 268982 44226001 27 353482 14251010 222258 0 6081 0 0 2097152 0 0
SEP
MEM comp06 1608323028 2020/12/18 15:23:48 1 4096 65614610 276364 44218550 27 353576 14239256 222498 0 6081 0 0 2097152 0 0
SEP
MEM comp06 1608323029 2020/12/18 15:23:49 1 4096 65614610 281839 44212847 27 353835 14221602 222738 0 6081 0 0 2097152 0 0
SEP
MEM comp06 1608323030 2020/12/18 15:23:50 1 4096 65614610 290726 44203855 27 354099 14209101 222930 0 6081 0 0 2097152 0 0
SEP
MEM comp06 1608323031 2020/12/18 15:23:51 1 4096 65614610 304439 44189709 27 354397 14194722 223234 0 6081 0 0 2097152 0 0
SEP
MEM comp06 1608323032 2020/12/18 15:23:52 1 4096 65614610 304262 44189665 27 354633 14182191 223498 0 6081 0 0 2097152 0 0
SEP
MEM comp06 1608323033 2020/12/18 15:23:53 1 4096 65614610 301794 44191921 27 354925 14173901 223786 0 6081 0 0 2097152 0 0
SEP
MEM comp06 1608323034 2020/12/18 15:23:54 1 4096 65614610 298554 44194856 27 355185 14185888 224050 0 6081 0 0 2097152 0 0
SEP
MEM comp06 1608323035 2020/12/18 15:23:55 1 4096 65614610 296905 44196266 27 355491 14201780 224250 0 6081 0 0 2097152 0 0
SEP
MEM comp06 1608323036 2020/12/18 15:23:56 1 4096 65614610 295660 44197139 27 355797 14205021 224562 0 6081 0 0 2097152 0 0
SEP
MEM comp06 1608323037 2020/12/18 15:23:57 1 4096 65614610 292917 44199725 27 355945 14195630 224810 0 6081 0 0 2097152 0 0
SEP
MEM comp06 1608323038 2020/12/18 15:23:58 1 4096 65614610 289286 44203064 27 356237 14197650 225114 0 6081 0 0 2097152 0 0
SEP
MEM comp06 1608323039 2020/12/18 15:23:59 1 4096 65614610 286398 44205673 27 356593 14205909 225362 0 6081 0 0 2097152 0 0
SEP
MEM comp06 1608323040 2020/12/18 15:24:00 1 4096 65614610 285024 44206856 27 356761 14216498 225538 0 6081 0 0 2097152 0 0
SEP
MEM comp06 1608323041 2020/12/18 15:24:01 1 4096 65614610 282869 44208618 27 357065 14230488 225882 0 6081 0 0 2097152 0 0
SEP
MEM comp06 1608323042 2020/12/18 15:24:02 1 4096 65614610 282498 44208879 27 357265 14242730 226146 0 6081 0 0 2097152 0 0
SEP
MEM comp06 1608323043 2020/12/18 15:24:03 1 4096 65614610 281304 44209886 27 357529 14230674 226402 0 6081 0 0 2097152 0 0
SEP
MEM comp06 1608323044 2020/12/18 15:24:04 1 4096 65614610 279071 44211686 27 357901 14221736 226698 0 6081 0 0 2097152 0 0
SEP
MEM comp06 1608323045 2020/12/18 15:24:05 1 4096 65614610 276353 44214442 27 358091 14226406 226874 0 6081 0 0 2097152 0 0
SEP
MEM comp06 1608323046 2020/12/18 15:24:06 1 4096 65614610 274110 44215985 27 358379 14233778 227210 0 6081 0 0 2097152 0 0
SEP
MEM comp06 1608323047 2020/12/18 15:24:07 1 4096 65614610 954386 44218457 27 358663 14239571 227474 0 6081 0 0 2097152 0 0
SEP
MEM comp06 1608323048 2020/12/18 15:24:08 1 4096 65614610 256311 44346535 27 358913 14258881 227746 0 6081 0 0 2097152 0 0
SEP
MEM comp06 1608323049 2020/12/18 15:24:09 1 4096 65614610 246147 44243350 27 359233 14263399 228026 0 6081 0 0 2097152 0 0
SEP
MEM comp06 1608323050 2020/12/18 15:24:10 1 4096 65614610 240763 44248406 27 359529 14265221 228298 0 6081 0 0 2097152 0 0
SEP
MEM comp06 1608323051 2020/12/18 15:24:11 1 4096 65614610 237421 44251931 27 359645 14263749 228498 0 6081 0 0 2097152 0 0
SEP
MEM comp06 1608323052 2020/12/18 15:24:12 1 4096 65614610 233129 44255556 27 359973 14253153 228826 0 6081 0 0 2097152 0 0
SEP
MEM comp06 1608323053 2020/12/18 15:24:13 1 4096 65614610 246761 44241753 27 360233 14250102 229098 0 6081 0 0 2097152 0 0
SEP
MEM comp06 1608323054 2020/12/18 15:24:14 1 4096 65614610 239369 44248721 27 360507 14246657 229378 0 6081 0 0 2097152 0 0
SEP
MEM comp06 1608323055 2020/12/18 15:24:15 1 4096 65614610 239041 44248753 27 360835 14244592 229650 0 6081 0 0 2097152 0 0
SEP
MEM comp06 1608323056 2020/12/18 15:24:16 1 4096 65614610 233231 44254556 27 361101 14253450 229898 0 6081 0 0 2097152 0 0
SEP
MEM comp06 1608323057 2020/12/18 15:24:17 1 4096 65614610 287087 44200170 27 361405 14251604 230204 0 6081 0 0 2097152 0 0
SEP
MEM comp06 1608323058 2020/12/18 15:24:18 1 4096 65614610 261719 44225226 27 361631 14261538 230452 0 6081 0 0 2097152 0 0
SEP
MEM comp06 1608323059 2020/12/18 15:24:19 1 4096 65614610 2089848 44284241 27 361831 14289458 230684 0 6081 0 0 2097152 0 0
SEP
MEM comp06 1608323060 2020/12/18 15:24:20 1 4096 65614610 1505185 44448991 27 362383 14327537 231156 0 6081 0 0 2097152 0 0
SEP
MEM comp06 1608323061 2020/12/18 15:24:21 1 4096 65614610 1345795 44607585 27 362707 14365670 231444 0 6081 0 0 2097152 0 0
SEP
MEM comp06 1608323062 2020/12/18 15:24:22 1 4096 65614610 1191841 44761543 27 363099 14406168 231860 0 6081 0 0 2097152 0 0
SEP
MEM comp06 1608323063 2020/12/18 15:24:23 1 4096 65614610 1043046 44910087 27 363335 14438288 232180 0 6081 0 0 2097152 0 0
SEP
MEM comp06 1608323064 2020/12/18 15:24:24 1 4096 65614610 896959 45056068 27 363725 14479237 232532 0 6081 0 0 2097152 0 0
SEP
MEM comp06 1608323065 2020/12/18 15:24:25 1 4096 65614610 749582 45202924 27 363997 14519366 232860 0 6081 0 0 2097152 0 0
SEP
MEM comp06 1608323066 2020/12/18 15:24:26 1 4096 65614610 608234 45344079 27 364365 14550566 233180 0 6081 0 0 2097152 0 0
SEP
MEM comp06 1608323067 2020/12/18 15:24:27 1 4096 65614610 634566 45317449 27 364597 14582160 233476 0 6081 0 0 2097152 0 0
SEP
MEM comp06 1608323068 2020/12/18 15:24:28 1 4096 65614610 562265 45389309 27 364953 14604713 233804 0 6081 0 0 2097152 0 0
SEP
MEM comp06 1608323069 2020/12/18 15:24:29 1 4096 65614610 506450 45444766 27 365251 14618521 234084 0 6081 0 0 2097152 0 0
SEP
MEM comp06 1608323070 2020/12/18 15:24:30 1 4096 65614610 452542 45498335 27 365639 14643098 234396 0 6081 0 0 2097152 0 0
SEP
MEM comp06 1608323071 2020/12/18 15:24:31 1 4096 65614610 410021 45540781 27 365873 14659845 234644 0 6081 0 0 2097152 0 0
SEP
MEM comp06 1608323072 2020/12/18 15:24:32 1 4096 65614610 1113491 45570666 27 366197 14677870 234964 0 6081 0 0 2097152 0 0
SEP
MEM comp06 1608323073 2020/12/18 15:24:33 1 4096 65614610 990740 45693253 27 366427 14715384 235260 0 6081 0 0 2097152 0 0
SEP
MEM comp06 1608323074 2020/12/18 15:24:34 1 4096 65614610 853088 45830845 27 366733 14748822 235604 0 6081 0 0 2097152 0 0
SEP
MEM comp06 1608323075 2020/12/18 15:24:35 1 4096 65614610 1369370 45969125 27 367041 14771398 235876 0 6081 0 0 2097152 0 0
SEP
MEM comp06 1608323076 2020/12/18 15:24:36 1 4096 65614610 2002529 46121842 27 367379 14817162 236236 0 6081 0 0 2097152 0 0
SEP
MEM comp06 1608323077 2020/12/18 15:24:37 1 4096 65614610 576790 46275208 27 367735 14865636 236588 0 6081 0 0 2097152 0 0
SEP
MEM comp06 1608323078 2020/12/18 15:24:38 1 4096 65614610 414382 46267997 27 368079 14897973 236932 0 6081 0 0 2097152 0 0
SEP
MEM comp06 1608323079 2020/12/18 15:24:39 1 4096 65614610 369339 46312753 27 368357 14925369 237228 0 6081 0 0 2097152 0 0
SEP
MEM comp06 1608323080 2020/12/18 15:24:40 1 4096 65614610 315045 46366687 27 368647 14951149 237500 0 6081 0 0 2097152 0 0
SEP
MEM comp06 1608323081 2020/12/18 15:24:41 1 4096 65614610 301955 46379545 27 368991 14957280 237804 0 6081 0 0 2097152 0 0
SEP
MEM comp06 1608323082 2020/12/18 15:24:42 1 4096 65614610 228468 46452706 27 369245 14965071 238084 0 6081 0 0 2097152 0 0
SEP
MEM comp06 1608323083 2020/12/18 15:24:43 1 4096 65614610 1731547 46416919 27 369553 14976563 238412 0 6081 0 0 2097152 0 0
SEP
MEM comp06 1608323084 2020/12/18 15:24:44 1 4096 65614610 2196000 46565391 27 370035 15017194 238788 0 6081 0 0 2097152 0 0
SEP
MEM comp06 1608323085 2020/12/18 15:24:45 1 4096 65614610 1989788 46734197 27 370367 15062148 239188 0 6081 0 0 2097152 0 0
SEP
MEM comp06 1608323086 2020/12/18 15:24:46 1 4096 65614610 2406458 46894252 27 370689 15093505 239540 0 6081 0 0 2097152 0 0
SEP
MEM comp06 1608323087 2020/12/18 15:24:47 1 4096 65614610 1152800 47058173 27 371081 15137618 239908 0 6081 0 0 2097152 0 0
SEP
MEM comp06 1608323088 2020/12/18 15:24:48 1 4096 65614610 935737 47210722 27 371409 15165907 240268 0 6081 0 0 2097152 0 0
SEP
MEM comp06 1608323089 2020/12/18 15:24:49 1 4096 65614610 1419653 47364757 27 371731 15197974 240604 0 6081 0 0 2097152 0 0
SEP
MEM comp06 1608323090 2020/12/18 15:24:50 1 4096 65614610 1802762 47518846 27 372077 15239137 240948 0 6081 0 0 2097152 0 0
SEP
MEM comp06 1608323091 2020/12/18 15:24:51 1 4096 65614610 5569495 47682324 27 372529 15274837 241260 0 6081 0 0 2097152 0 0
SEP
MEM comp06 1608323092 2020/12/18 15:24:52 1 4096 65614610 5351863 47930109 27 373121 15404926 241844 0 6081 0 0 2097152 0 0
SEP
MEM comp06 1608323093 2020/12/18 15:24:53 1 4096 65614610 5029494 48251614 27 373813 15616381 242572 0 6081 0 0 2097152 0 0
SEP
MEM comp06 1608323094 2020/12/18 15:24:54 1 4096 65614610 4740677 48539918 27 374509 15789675 243284 0 6081 0 0 2097152 0 0
SEP
MEM comp06 1608323095 2020/12/18 15:24:55 1 4096 65614610 4461035 48819125 27 375045 15944638 243828 0 6081 0 0 2097152 0 0
SEP
MEM comp06 1608323096 2020/12/18 15:24:56 1 4096 65614610 4154753 49124817 27 375731 16123662 244580 0 6081 0 0 2097152 0 0
SEP
MEM comp06 1608323097 2020/12/18 15:24:57 1 4096 65614610 3844653 49434125 27 376533 16308382 245276 0 6081 0 0 2097152 0 0
SEP
MEM comp06 1608323098 2020/12/18 15:24:58 1 4096 65614610 3557813 49720548 27 377009 16472111 245948 0 6081 0 0 2097152 0 0
SEP
MEM comp06 1608323099 2020/12/18 15:24:59 1 4096 65614610 3300198 49977800 27 377623 16601964 246540 0 6081 0 0 2097152 0 0
SEP
MEM comp06 1608323100 2020/12/18 15:25:00 1 4096 65614610 3063157 50214088 27 378223 16715417 247084 0 6081 0 0 2097152 0 0
SEP
MEM comp06 1608323101 2020/12/18 15:25:01 1 4096 65614610 2846209 50430744 27 378731 16816066 247580 0 6081 0 0 2097152 0 0
SEP
MEM comp06 1608323102 2020/12/18 15:25:02 1 4096 65614610 2645068 50631364 27 379173 16897657 248028 0 6081 0 0 2097152 0 0
SEP
MEM comp06 1608323103 2020/12/18 15:25:03 1 4096 65614610 2455088 50820967 27 379619 16964242 248460 0 6081 0 0 2097152 0 0
SEP
MEM comp06 1608323104 2020/12/18 15:25:04 1 4096 65614610 2275521 51000201 27 380005 17025396 248852 0 6081 0 0 2097152 0 0
SEP
MEM comp06 1608323105 2020/12/18 15:25:05 1 4096 65614610 2105355 51169894 27 380417 17066597 249244 0 6081 0 0 2097152 0 0
SEP
MEM comp06 1608323106 2020/12/18 15:25:06 1 4096 65614610 1941300 51333491 27 380787 17105924 249620 0 6081 0 0 2097152 0 0
SEP
MEM comp06 1608323107 2020/12/18 15:25:07 1 4096 65614610 1783560 51490844 27 381183 17142378 249996 0 6081 0 0 2097152 0 0
SEP
MEM comp06 1608323108 2020/12/18 15:25:08 1 4096 65614610 1631481 51642769 27 381469 17173295 250300 0 6081 0 0 2097152 0 0
SEP
MEM comp06 1608323109 2020/12/18 15:25:09 1 4096 65614610 1483870 51790345 27 381779 17197683 250628 0 6081 0 0 2097152 0 0
SEP
MEM comp06 1608323110 2020/12/18 15:25:10 1 4096 65614610 1337833 51935599 27 382155 17216783 250996 0 6081 0 0 2097152 0 0
SEP
MEM comp06 1608323111 2020/12/18 15:25:11 1 4096 65614610 1923143 52084132 27 382449 17247824 251316 0 6081 0 0 2097152 0 0
SEP
MEM comp06 1608323112 2020/12/18 15:25:12 1 4096 65614610 1762034 52244609 27 382721 17296275 251676 0 6081 0 0 2097152 0 0
SEP
MEM comp06 1608323113 2020/12/18 15:25:13 1 4096 65614610 1607265 52399218 27 383077 17336338 252020 0 6081 0 0 2097152 0 0
SEP
MEM comp06 1608323114 2020/12/18 15:25:14 1 4096 65614610 1457440 52548674 27 383451 17365960 252332 0 6081 0 0 2097152 0 0
SEP
MEM comp06 1608323115 2020/12/18 15:25:15 1 4096 65614610 1310890 52695128 27 383815 17389902 252700 0 6081 0 0 2097152 0 0
SEP
MEM comp06 1608323116 2020/12/18 15:25:16 1 4096 65614610 1167517 52837808 27 384319 17410834 253028 0 6081 0 0 2097152 0 0
SEP
MEM comp06 1608323117 2020/12/18 15:25:17 1 4096 65614610 1030561 52974650 27 384593 17434870 253316 0 6081 0 0 2097152 0 0
SEP
MEM comp06 1608323118 2020/12/18 15:25:18 1 4096 65614610 985416 53019140 27 384897 17447822 253644 0 6081 0 0 2097152 0 0
SEP
MEM comp06 1608323119 2020/12/18 15:25:19 1 4096 65614610 916436 53088230 27 385147 17462694 253900 0 6081 0 0 2097152 0 0
SEP
MEM comp06 1608323120 2020/12/18 15:25:20 1 4096 65614610 856984 53147245 27 385453 17485198 254236 0 6081 0 0 2097152 0 0
SEP
MEM comp06 1608323121 2020/12/18 15:25:21 1 4096 65614610 807293 53196667 27 385691 17496666 254508 0 6081 0 0 2097152 0 0
SEP
MEM comp06 1608323122 2020/12/18 15:25:22 1 4096 65614610 681833 53321915 27 385983 17505184 254804 0 6081 0 0 2097152 0 0
SEP
MEM comp06 1608323123 2020/12/18 15:25:23 1 4096 65614610 680626 53323152 27 386271 17518280 255092 0 6081 0 0 2097152 0 0
SEP
MEM comp06 1608323124 2020/12/18 15:25:24 1 4096 65614610 612588 53390600 27 386469 17520739 255308 0 6081 0 0 2097152 0 0
SEP
MEM comp06 1608323125 2020/12/18 15:25:25 1 4096 65614610 591519 53411634 27 386911 17530272 255644 0 6081 0 0 2097152 0 0
SEP
MEM comp06 1608323126 2020/12/18 15:25:26 1 4096 65614610 473028 53529786 27 387137 17532044 255932 0 6081 0 0 2097152 0 0
SEP
MEM comp06 1608323127 2020/12/18 15:25:27 1 4096 65614610 445035 53557385 27 387463 17534362 256180 0 6081 0 0 2097152 0 0
SEP
MEM comp06 1608323128 2020/12/18 15:25:28 1 4096 65614610 373040 53629365 27 387673 17538025 256428 0 6081 0 0 2097152 0 0
SEP
MEM comp06 1608323129 2020/12/18 15:25:29 1 4096 65614610 257143 53744730 27 387857 17538444 256684 0 6081 0 0 2097152 0 0
SEP
MEM comp06 1608323130 2020/12/18 15:25:30 1 4096 65614610 263983 53737999 27 388175 17542908 256964 0 6081 0 0 2097152 0 0
SEP
MEM comp06 1608323131 2020/12/18 15:25:31 1 4096 65614610 257068 53744461 27 388483 17534452 257252 0 6081 0 0 2097152 0 0
SEP
MEM comp06 1608323132 2020/12/18 15:25:32 1 4096 65614610 995097 53739838 27 388775 17526211 257500 0 6081 0 0 2097152 0 0
SEP
MEM comp06 1608323133 2020/12/18 15:25:33 1 4096 65614610 856705 53878465 27 388977 17546634 257732 0 6081 0 0 2097152 0 0
SEP
MEM comp06 1608323134 2020/12/18 15:25:34 1 4096 65614610 719584 54015047 27 389401 17564234 258124 0 6081 0 0 2097152 0 0
SEP
MEM comp06 1608323135 2020/12/18 15:25:35 1 4096 65614610 585875 54148621 27 389631 17592764 258404 0 6081 0 0 2097152 0 0
SEP
MEM comp06 1608323136 2020/12/18 15:25:36 1 4096 65614610 456407 54278008 27 389813 17608294 258644 0 6081 0 0 2097152 0 0
SEP
MEM comp06 1608323137 2020/12/18 15:25:37 1 4096 65614610 327300 54406558 27 390175 17637281 259012 0 6081 0 0 2097152 0 0
SEP
MEM comp06 1608323138 2020/12/18 15:25:38 1 4096 65614610 295708 54437870 27 390449 17655749 259284 0 6081 0 0 2097152 0 0
SEP
MEM comp06 1608323139 2020/12/18 15:25:39 1 4096 65614610 896364 54570743 27 390843 17680820 259540 0 6081 0 0 2097152 0 0
SEP
MEM comp06 1608323140 2020/12/18 15:25:40 1 4096 65614610 757198 54709393 27 391171 17727444 259908 0 6081 0 0 2097152 0 0
SEP
MEM comp06 1608323141 2020/12/18 15:25:41 1 4096 65614610 623652 54842967 27 391407 17766558 260212 0 6081 0 0 2097152 0 0
SEP
MEM comp06 1608323142 2020/12/18 15:25:42 1 4096 65614610 494825 54971465 27 391683 17794802 260492 0 6081 0 0 2097152 0 0
SEP
MEM comp06 1608323143 2020/12/18 15:25:43 1 4096 65614610 370234 55095709 27 391977 17822371 260796 0 6081 0 0 2097152 0 0
SEP
MEM comp06 1608323144 2020/12/18 15:25:44 1 4096 65614610 247109 55219097 27 392283 17838857 260980 0 6081 0 0 2097152 0 0
SEP
MEM comp06 1608323145 2020/12/18 15:25:45 1 4096 65614610 301418 55163909 27 392525 17849614 261372 0 6081 0 0 2097152 0 0
SEP
MEM comp06 1608323146 2020/12/18 15:25:46 1 4096 65614610 286225 55178787 27 392843 17864422 261636 0 6081 0 0 2097152 0 0
SEP
MEM comp06 1608323147 2020/12/18 15:25:47 1 4096 65614610 261371 55203548 27 393073 17877401 261900 0 6081 0 0 2097152 0 0
SEP
MEM comp06 1608323148 2020/12/18 15:25:48 1 4096 65614610 838685 55225549 27 393309 17887669 262164 0 6081 0 0 2097152 0 0
SEP
MEM comp06 1608323149 2020/12/18 15:25:49 1 4096 65614610 2285758 55380445 27 393499 17936699 262380 0 6081 0 0 2097152 0 0
SEP
MEM comp06 1608323150 2020/12/18 15:25:50 1 4096 65614610 2128603 55537227 27 393997 17983573 262852 0 6081 0 0 2097152 0 0
SEP
MEM comp06 1608323151 2020/12/18 15:25:51 1 4096 65614610 1972969 55692483 27 394391 18051517 263196 0 6081 0 0 2097152 0 0
SEP
MEM comp06 1608323152 2020/12/18 15:25:52 1 4096 65614610 1822424 55842902 27 394715 18118543 263580 0 6081 0 0 2097152 0 0
SEP
MEM comp06 1608323153 2020/12/18 15:25:53 1 4096 65614610 3136362 55996286 27 395137 18191026 263924 0 6081 0 0 2097152 0 0
SEP
MEM comp06 1608323154 2020/12/18 15:25:54 1 4096 65614610 2973652 56158622 27 395517 18240722 264268 0 6081 0 0 2097152 0 0
SEP
MEM comp06 1608323155 2020/12/18 15:25:55 1 4096 65614610 5000736 56333134 27 395727 18309218 264612 0 6081 0 0 2097152 0 0
SEP
MEM comp06 1608323156 2020/12/18 15:25:56 1 4096 65614610 4795096 56538273 27 396207 18409981 265092 0 6081 0 0 2097152 0 0
SEP
