RESET
MEM comp06 1608321912 2020/12/18 15:05:12 1487548 4096 65614610 65177377 25292 27 191781 4 61044 0 6088 0 0 2097152 0 0
SEP
MEM comp06 1608321913 2020/12/18 15:05:13 1 4096 65614610 64886852 185482 27 193646 5 62090 0 6088 0 0 2097152 0 0
SEP
MEM comp06 1608321914 2020/12/18 15:05:14 1 4096 65614610 64613164 320575 27 193768 1 62248 0 6088 0 0 2097152 0 0
SEP
MEM comp06 1608321915 2020/12/18 15:05:15 1 4096 65614610 64332330 460365 27 193990 1 62448 0 6088 0 0 2097152 0 0
SEP
MEM comp06 1608321916 2020/12/18 15:05:16 1 4096 65614610 64056046 598158 27 194154 1 62648 0 6088 0 0 2097152 0 0
SEP
MEM comp06 1608321917 2020/12/18 15:05:17 1 4096 65614610 63784797 736412 27 194418 1 62896 0 6088 0 0 2097152 0 0
SEP
MEM comp06 1608321918 2020/12/18 15:05:18 1 4096 65614610 63507362 873020 27 194642 1 63120 0 6088 0 0 2097152 0 0
SEP
MEM comp06 1608321919 2020/12/18 15:05:19 1 4096 65614610 63230474 1011850 27 194898 1 63384 0 6088 0 0 2097152 0 0
SEP
MEM comp06 1608321920 2020/12/18 15:05:20 1 4096 65614610 62954443 1148046 27 195246 1 63712 0 6088 0 0 2097152 0 0
SEP
MEM comp06 1608321921 2020/12/18 15:05:21 1 4096 65614610 62681089 1285851 27 195508 1 63984 0 6088 0 0 2097152 0 0
SEP
MEM comp06 1608321922 2020/12/18 15:05:22 1 4096 65614610 62400496 1422991 27 195816 1 64288 0 6088 0 0 2097152 0 0
SEP
MEM comp06 1608321923 2020/12/18 15:05:23 1 4096 65614610 62132282 1560695 27 196090 1 64576 0 6088 0 0 2097152 0 0
SEP
MEM comp06 1608321924 2020/12/18 15:05:24 1 4096 65614610 61852209 1699950 27 196364 1 64864 0 6088 0 0 2097152 0 0
SEP
MEM comp06 1608321925 2020/12/18 15:05:25 1 4096 65614610 61578285 1837051 27 196686 1 65184 0 6088 0 0 2097152 0 0
SEP
MEM comp06 1608321926 2020/12/18 15:05:26 1 4096 65614610 61297785 1974439 27 196936 1 65456 0 6088 0 0 2097152 0 0
SEP
MEM comp06 1608321927 2020/12/18 15:05:27 1 4096 65614610 61027630 2111620 27 197286 1 65792 0 6088 0 0 2097152 0 0
SEP
MEM comp06 1608321928 2020/12/18 15:05:28 1 4096 65614610 60746418 2252821 27 197569 1 66088 0 6088 0 0 2097152 0 0
SEP
MEM comp06 1608321929 2020/12/18 15:05:29 1 4096 65614610 60476045 2386525 27 197900 1 66376 0 6088 0 0 2097152 0 0
SEP
MEM comp06 1608321930 2020/12/18 15:05:30 1 4096 65614610 60196394 2526342 27 198232 1 66704 0 6088 0 0 2097152 0 0
SEP
MEM comp06 1608321931 2020/12/18 15:05:31 1 4096 65614610 59920886 2664009 27 198556 1 67008 0 6088 0 0 2097152 0 0
SEP
MEM comp06 1608321932 2020/12/18 15:05:32 1 4096 65614610 59645344 2801258 27 198870 1 67344 0 6088 0 0 2097152 0 0
SEP
MEM comp06 1608321933 2020/12/18 15:05:33 1 4096 65614610 59370907 2939879 27 199152 1 67616 0 6088 0 0 2097152 0 0
SEP
MEM comp06 1608321934 2020/12/18 15:05:34 1 4096 65614610 59087713 3079813 27 199466 1 67928 0 6088 0 0 2097152 0 0
SEP
MEM comp06 1608321935 2020/12/18 15:05:35 1 4096 65614610 58819941 3213789 27 199748 1 68208 0 6088 0 0 2097152 0 0
SEP
MEM comp06 1608321936 2020/12/18 15:05:36 1 4096 65614610 58541421 3351569 27 200048 1 68504 0 6088 0 0 2097152 0 0
SEP
MEM comp06 1608321937 2020/12/18 15:05:37 1 4096 65614610 58258742 3490963 27 200346 1 68808 0 6088 0 0 2097152 0 0
SEP
MEM comp06 1608321938 2020/12/18 15:05:38 1 4096 65614610 57990370 3627560 27 200654 1 69120 0 6088 0 0 2097152 0 0
SEP
MEM comp06 1608321939 2020/12/18 15:05:39 1 4096 65614610 57711794 3766342 27 200996 1 69464 0 6088 0 0 2097152 0 0
SEP
MEM comp06 1608321940 2020/12/18 15:05:40 1 4096 65614610 57430186 3904629 27 201248 1 69712 0 6088 0 0 2097152 0 0
SEP
MEM comp06 1608321941 2020/12/18 15:05:41 1 4096 65614610 57161258 4041272 27 201600 1 70080 0 6088 0 0 2097152 0 0
SEP
MEM comp06 1608321942 2020/12/18 15:05:42 1 4096 65614610 56881172 4178990 27 201894 1 70376 0 6088 0 0 2097152 0 0
SEP
MEM comp06 1608321943 2020/12/18 15:05:43 1 4096 65614610 56610772 4316735 27 202220 1 70680 0 6088 0 0 2097152 0 0
SEP
MEM comp06 1608321944 2020/12/18 15:05:44 1 4096 65614610 56333236 4454623 27 202516 1 70992 0 6088 0 0 2097152 0 0
SEP
MEM comp06 1608321945 2020/12/18 15:05:45 1 4096 65614610 56062417 4590218 27 202820 1 71280 0 6088 0 0 2097152 0 0
SEP
MEM comp06 1608321946 2020/12/18 15:05:46 1 4096 65614610 55779565 4728457 27 203158 1 71624 0 6088 0 0 2097152 0 0
SEP
MEM comp06 1608321947 2020/12/18 15:05:47 1 4096 65614610 55510824 4867188 27 203404 2 71880 0 6088 0 0 2097152 0 0
SEP
MEM comp06 1608321948 2020/12/18 15:05:48 1 4096 65614610 55231712 5004932 27 203714 2 72176 0 6088 0 0 2097152 0 0
SEP
MEM comp06 1608321949 2020/12/18 15:05:49 1 4096 65614610 54952140 5141571 27 204018 2 72464 0 6088 0 0 2097152 0 0
SEP
MEM comp06 1608321950 2020/12/18 15:05:50 1 4096 65614610 54677170 5279647 27 204344 2 72800 0 6088 0 0 2097152 0 0
SEP
MEM comp06 1608321951 2020/12/18 15:05:51 1 4096 65614610 54400668 5416568 27 204644 2 73096 0 6088 0 0 2097152 0 0
SEP
MEM comp06 1608321952 2020/12/18 15:05:52 1 4096 65614610 54122642 5555171 27 204950 2 73392 0 6088 0 0 2097152 0 0
SEP
MEM comp06 1608321953 2020/12/18 15:05:53 1 4096 65614610 53852160 5691522 27 205276 2 73712 0 6088 0 0 2097152 0 0
SEP
MEM comp06 1608321954 2020/12/18 15:05:54 1 4096 65614610 53573627 5831724 27 205554 2 74008 0 6088 0 0 2097152 0 0
SEP
MEM comp06 1608321955 2020/12/18 15:05:55 1 4096 65614610 53300139 5968454 27 205842 2 74296 0 6088 0 0 2097152 0 0
SEP
MEM comp06 1608321956 2020/12/18 15:05:56 1 4096 65614610 53016972 6106782 27 206146 2 74608 0 6088 0 0 2097152 0 0
SEP
MEM comp06 1608321957 2020/12/18 15:05:57 1 4096 65614610 52738363 6245510 27 206472 2 74920 0 6088 0 0 2097152 0 0
SEP
MEM comp06 1608321958 2020/12/18 15:05:58 1 4096 65614610 52465939 6382530 27 206762 2 75216 0 6088 0 0 2097152 0 0
SEP
MEM comp06 1608321959 2020/12/18 15:05:59 1 4096 65614610 52191034 6520451 27 207012 2 75504 0 6088 0 0 2097152 0 0
SEP
MEM comp06 1608321960 2020/12/18 15:06:00 1 4096 65614610 51918659 6658460 27 207288 2 75784 0 6088 0 0 2097152 0 0
SEP
MEM comp06 1608321961 2020/12/18 15:06:01 1 4096 65614610 51639531 6796416 27 207608 2 76096 0 6088 0 0 2097152 0 0
SEP
MEM comp06 1608321962 2020/12/18 15:06:02 1 4096 65614610 51364042 6932086 27 207908 2 76392 0 6088 0 0 2097152 0 0
SEP
MEM comp06 1608321963 2020/12/18 15:06:03 1 4096 65614610 51094146 7069822 27 208232 2 76712 0 6088 0 0 2097152 0 0
SEP
MEM comp06 1608321964 2020/12/18 15:06:04 1 4096 65614610 50807433 7209163 27 208520 2 77016 0 6088 0 0 2097152 0 0
SEP
MEM comp06 1608321965 2020/12/18 15:06:05 1 4096 65614610 50538045 7346342 27 208830 2 77304 0 6088 0 0 2097152 0 0
SEP
MEM comp06 1608321966 2020/12/18 15:06:06 1 4096 65614610 50259444 7486075 27 209122 2 77624 0 6088 0 0 2097152 0 0
SEP
MEM comp06 1608321967 2020/12/18 15:06:07 1 4096 65614610 49984404 7621818 27 209436 2 77920 0 6088 0 0 2097152 0 0
SEP
MEM comp06 1608321968 2020/12/18 15:06:08 1 4096 65614610 49703840 7759394 27 209720 2 78216 0 6088 0 0 2097152 0 0
SEP
MEM comp06 1608321969 2020/12/18 15:06:09 1 4096 65614610 49433926 7897212 27 210060 2 78552 0 6088 0 0 2097152 0 0
SEP
MEM comp06 1608321970 2020/12/18 15:06:10 1 4096 65614610 49161000 8035256 27 210348 2 78832 0 6088 0 0 2097152 0 0
SEP
MEM comp06 1608321971 2020/12/18 15:06:11 1 4096 65614610 48879307 8173726 27 210666 2 79160 0 6088 0 0 2097152 0 0
SEP
MEM comp06 1608321972 2020/12/18 15:06:12 1 4096 65614610 48601769 8309322 27 210960 2 79448 0 6088 0 0 2097152 0 0
SEP
MEM comp06 1608321973 2020/12/18 15:06:13 1 4096 65614610 48331835 8445534 27 211322 2 79800 0 6088 0 0 2097152 0 0
SEP
MEM comp06 1608321974 2020/12/18 15:06:14 1 4096 65614610 48053239 8583692 27 211598 2 80088 0 6088 0 0 2097152 0 0
SEP
MEM comp06 1608321975 2020/12/18 15:06:15 1 4096 65614610 47780335 8723156 27 211894 2 80376 0 6088 0 0 2097152 0 0
SEP
MEM comp06 1608321976 2020/12/18 15:06:16 1 4096 65614610 47502770 8860239 27 212216 0 80696 0 6088 0 0 2097152 0 0
SEP
MEM comp06 1608321977 2020/12/18 15:06:17 1 4096 65614610 47222592 8998905 27 212536 1 81016 0 6088 0 0 2097152 0 0
SEP
MEM comp06 1608321978 2020/12/18 15:06:18 1 4096 65614610 46950718 9133881 27 212838 1 81312 0 6088 0 0 2097152 0 0
SEP
MEM comp06 1608321979 2020/12/18 15:06:19 1 4096 65614610 46674122 9273426 27 213154 1 81648 0 6088 0 0 2097152 0 0
SEP
MEM comp06 1608321980 2020/12/18 15:06:20 1 4096 65614610 46399135 9410675 27 213466 1 81944 0 6088 0 0 2097152 0 0
SEP
MEM comp06 1608321981 2020/12/18 15:06:21 1 4096 65614610 46116991 9548498 27 213772 2 82256 0 6088 0 0 2097152 0 0
SEP
MEM comp06 1608321982 2020/12/18 15:06:22 1 4096 65614610 45843976 9687683 27 214072 2 82544 0 6088 0 0 2097152 0 0
SEP
MEM comp06 1608321983 2020/12/18 15:06:23 1 4096 65614610 45570040 9823220 27 214394 2 82880 0 6088 0 0 2097152 0 0
SEP
MEM comp06 1608321984 2020/12/18 15:06:24 1 4096 65614610 45297595 9961042 27 214694 2 83184 0 6088 0 0 2097152 0 0
SEP
MEM comp06 1608321985 2020/12/18 15:06:25 1 4096 65614610 45015937 10100372 27 215014 2 83496 0 6088 0 0 2097152 0 0
SEP
MEM comp06 1608321986 2020/12/18 15:06:26 1 4096 65614610 44740399 10238526 27 215330 2 83808 0 6088 0 0 2097152 0 0
SEP
MEM comp06 1608321987 2020/12/18 15:06:27 1 4096 65614610 44463402 10374645 27 215560 2 84056 0 6088 0 0 2097152 0 0
SEP
MEM comp06 1608321988 2020/12/18 15:06:28 1 4096 65614610 44192475 10512536 27 215920 2 84400 0 6088 0 0 2097152 0 0
SEP
MEM comp06 1608321989 2020/12/18 15:06:29 1 4096 65614610 43915893 10652793 27 216224 2 84704 0 6088 0 0 2097152 0 0
SEP
MEM comp06 1608321990 2020/12/18 15:06:30 1 4096 65614610 43632825 10790611 27 216468 2 84960 0 6088 0 0 2097152 0 0
SEP
MEM comp06 1608321991 2020/12/18 15:06:31 1 4096 65614610 43361292 10926718 27 216834 2 85320 0 6088 0 0 2097152 0 0
SEP
MEM comp06 1608321992 2020/12/18 15:06:32 1 4096 65614610 43093049 11062223 27 217114 2 85600 0 6088 0 0 2097152 0 0
SEP
MEM comp06 1608321993 2020/12/18 15:06:33 1 4096 65614610 42809778 11201440 27 217422 2 85920 0 6088 0 0 2097152 0 0
SEP
MEM comp06 1608321994 2020/12/18 15:06:34 1 4096 65614610 42530123 11339824 27 217770 2 86248 0 6088 0 0 2097152 0 0
SEP
MEM comp06 1608321995 2020/12/18 15:06:35 1 4096 65614610 42253688 11477202 27 218024 2 86512 0 6088 0 0 2097152 0 0
SEP
MEM comp06 1608321996 2020/12/18 15:06:36 1 4096 65614610 41979120 11616840 27 218344 2 86832 0 6088 0 0 2097152 0 0
SEP
MEM comp06 1608321997 2020/12/18 15:06:37 1 4096 65614610 41709239 11751585 27 218676 2 87160 0 6088 0 0 2097152 0 0
SEP
MEM comp06 1608321998 2020/12/18 15:06:38 1 4096 65614610 41432135 11890296 27 218996 2 87480 0 6088 0 0 2097152 0 0
SEP
MEM comp06 1608321999 2020/12/18 15:06:39 1 4096 65614610 41155713 12028505 27 219316 2 87792 0 6088 0 0 2097152 0 0
SEP
MEM comp06 1608322000 2020/12/18 15:06:40 1 4096 65614610 40880669 12165664 27 219578 2 88064 0 6088 0 0 2097152 0 0
SEP
MEM comp06 1608322001 2020/12/18 15:06:41 1 4096 65614610 40601585 12304333 27 219902 2 88408 0 6088 0 0 2097152 0 0
SEP
MEM comp06 1608322002 2020/12/18 15:06:42 1 4096 65614610 40324438 12442234 27 220260 2 88736 0 6088 0 0 2097152 0 0
SEP
MEM comp06 1608322003 2020/12/18 15:06:43 1 4096 65614610 40053083 12577882 27 220562 2 89048 0 6088 0 0 2097152 0 0
SEP
MEM comp06 1608322004 2020/12/18 15:06:44 1 4096 65614610 39769856 12718389 27 220860 2 89352 0 6088 0 0 2097152 0 0
SEP
MEM comp06 1608322005 2020/12/18 15:06:45 1 4096 65614610 39492905 12853629 27 221098 2 89592 0 6088 0 0 2097152 0 0
SEP
MEM comp06 1608322006 2020/12/18 15:06:46 1 4096 65614610 39223951 12991138 27 221464 2 89952 0 6088 0 0 2097152 0 0
SEP
MEM comp06 1608322007 2020/12/18 15:06:47 1 4096 65614610 38948923 13128330 27 221788 1 90264 0 6088 0 0 2097152 0 0
SEP
MEM comp06 1608322008 2020/12/18 15:06:48 1 4096 65614610 38667240 13268974 27 222104 1 90584 0 6088 0 0 2097152 0 0
SEP
MEM comp06 1608322009 2020/12/18 15:06:49 1 4096 65614610 38397879 13404790 27 222426 1 90896 0 6088 0 0 2097152 0 0
SEP
MEM comp06 1608322010 2020/12/18 15:06:50 1 4096 65614610 38117734 13542426 27 222732 1 91208 0 6088 0 0 2097152 0 0
SEP
MEM comp06 1608322011 2020/12/18 15:06:51 1 4096 65614610 37839177 13680821 27 223004 1 91496 0 6088 0 0 2097152 0 0
SEP
MEM comp06 1608322012 2020/12/18 15:06:52 1 4096 65614610 37568720 13818404 27 223358 1 91840 0 6088 0 0 2097152 0 0
SEP
MEM comp06 1608322013 2020/12/18 15:06:53 1 4096 65614610 37286096 13956456 27 223654 1 92144 0 6088 0 0 2097152 0 0
SEP
MEM comp06 1608322014 2020/12/18 15:06:54 1 4096 65614610 37010013 14094344 27 223986 1 92472 0 6088 0 0 2097152 0 0
SEP
MEM comp06 1608322015 2020/12/18 15:06:55 1 4096 65614610 36741625 14230137 27 224298 2 92776 0 6088 0 0 2097152 0 0
SEP
MEM comp06 1608322016 2020/12/18 15:06:56 1 4096 65614610 36465670 14368865 27 224554 2 93016 0 6088 0 0 2097152 0 0
SEP
MEM comp06 1608322017 2020/12/18 15:06:57 1 4096 65614610 36190568 14504974 27 224918 2 93376 0 6088 0 0 2097152 0 0
SEP
MEM comp06 1608322018 2020/12/18 15:06:58 1 4096 65614610 35905347 14644903 27 225228 2 93704 0 6088 0 0 2097152 0 0
SEP
MEM comp06 1608322019 2020/12/18 15:06:59 1 4096 65614610 35635466 14782943 27 225526 2 94000 0 6088 0 0 2097152 0 0
SEP
MEM comp06 1608322020 2020/12/18 15:07:00 1 4096 65614610 35358415 14920085 27 225846 2 94328 0 6088 0 0 2097152 0 0
SEP
MEM comp06 1608322021 2020/12/18 15:07:01 1 4096 65614610 35081298 15056496 27 226190 2 94648 0 6088 0 0 2097152 0 0
SEP
MEM comp06 1608322022 2020/12/18 15:07:02 1 4096 65614610 34803773 15195464 27 226454 2 94936 0 6088 0 0 2097152 0 0
SEP
MEM comp06 1608322023 2020/12/18 15:07:03 1 4096 65614610 34534375 15330893 27 226768 2 95256 0 6088 0 0 2097152 0 0
SEP
MEM comp06 1608322024 2020/12/18 15:07:04 1 4096 65614610 34249664 15469276 27 227088 2 95560 0 6088 0 0 2097152 0 0
SEP
MEM comp06 1608322025 2020/12/18 15:07:05 1 4096 65614610 33976647 15607934 27 227414 2 95896 0 6088 0 0 2097152 0 0
SEP
MEM comp06 1608322026 2020/12/18 15:07:06 1 4096 65614610 33699574 15746685 27 227752 2 96216 0 6088 0 0 2097152 0 0
SEP
MEM comp06 1608322027 2020/12/18 15:07:07 1 4096 65614610 33428225 15882878 27 228002 2 96480 0 6088 0 0 2097152 0 0
SEP
MEM comp06 1608322028 2020/12/18 15:07:08 1 4096 65614610 33150132 16021644 27 228340 2 96816 0 6088 0 0 2097152 0 0
SEP
MEM comp06 1608322029 2020/12/18 15:07:09 1 4096 65614610 32880202 16157816 27 228676 2 97152 0 6088 0 0 2097152 0 0
SEP
MEM comp06 1608322030 2020/12/18 15:07:10 1 4096 65614610 32594369 16297467 27 228966 2 97440 0 6088 0 0 2097152 0 0
SEP
MEM comp06 1608322031 2020/12/18 15:07:11 1 4096 65614610 32324561 16433276 27 229292 2 97760 0 6088 0 0 2097152 0 0
SEP
MEM comp06 1608322032 2020/12/18 15:07:12 1 4096 65614610 32047667 16571776 27 229530 2 98008 0 6088 0 0 2097152 0 0
SEP
MEM comp06 1608322033 2020/12/18 15:07:13 1 4096 65614610 31773068 16709179 27 229900 2 98384 0 6088 0 0 2097152 0 0
SEP
MEM comp06 1608322034 2020/12/18 15:07:14 1 4096 65614610 31491424 16848925 27 230198 2 98680 0 6088 0 0 2097152 0 0
SEP
MEM comp06 1608322035 2020/12/18 15:07:15 1 4096 65614610 31214871 16987143 27 230494 2 98992 0 6088 0 0 2097152 0 0
SEP
MEM comp06 1608322036 2020/12/18 15:07:16 1 4096 65614610 30939364 17121837 27 230810 2 99304 0 6088 0 0 2097152 0 0
SEP
MEM comp06 1608322037 2020/12/18 15:07:17 1 4096 65614610 30666478 17261230 27 231102 2 99592 0 6088 0 0 2097152 0 0
SEP
MEM comp06 1608322038 2020/12/18 15:07:18 1 4096 65614610 30395600 17396374 27 231382 1 99872 0 6088 0 0 2097152 0 0
SEP
MEM comp06 1608322039 2020/12/18 15:07:19 1 4096 65614610 30112425 17536520 27 231704 1 100192 0 6088 0 0 2097152 0 0
SEP
MEM comp06 1608322040 2020/12/18 15:07:20 1 4096 65614610 29843079 17673272 27 231994 1 100480 0 6088 0 0 2097152 0 0
SEP
MEM comp06 1608322041 2020/12/18 15:07:21 1 4096 65614610 29564511 17811578 27 232306 1 100800 0 6088 0 0 2097152 0 0
SEP
MEM comp06 1608322042 2020/12/18 15:07:22 1 4096 65614610 29287592 17949482 27 232652 1 101136 0 6088 0 0 2097152 0 0
SEP
MEM comp06 1608322043 2020/12/18 15:07:23 1 4096 65614610 29010042 18087751 27 232948 1 101424 0 6088 0 0 2097152 0 0
SEP
MEM comp06 1608322044 2020/12/18 15:07:24 1 4096 65614610 28730411 18223803 27 233276 1 101760 0 6088 0 0 2097152 0 0
SEP
MEM comp06 1608322045 2020/12/18 15:07:25 1 4096 65614610 28453636 18360723 27 233552 1 102056 0 6088 0 0 2097152 0 0
SEP
MEM comp06 1608322046 2020/12/18 15:07:26 1 4096 65614610 28175292 18496182 27 233872 1 102328 0 6088 0 0 2097152 0 0
SEP
MEM comp06 1608322047 2020/12/18 15:07:27 1 4096 65614610 27900605 18633187 27 234244 1 102688 0 6088 0 0 2097152 0 0
SEP
MEM comp06 1608322048 2020/12/18 15:07:28 1 4096 65614610 26936301 19457264 27 236012 689510 104480 0 6088 0 0 2097152 0 0
SEP
MEM comp06 1608322049 2020/12/18 15:07:29 1 4096 65614610 26161630 20311539 27 238010 1406962 106472 0 6088 0 0 2097152 0 0
SEP
MEM comp06 1608322050 2020/12/18 15:07:30 1 4096 65614610 25506365 20678824 27 238852 1646790 107312 0 6088 0 0 2097152 0 0
SEP
MEM comp06 1608322051 2020/12/18 15:07:31 1 4096 65614610 24173203 22606499 27 242700 3539646 111160 0 6088 0 0 2097152 0 0
SEP
MEM comp06 1608322052 2020/12/18 15:07:32 1 4096 65614610 22876671 24817086 27 248186 5672704 116576 0 6088 0 0 2097152 0 0
SEP
MEM comp06 1608322053 2020/12/18 15:07:33 1 4096 65614610 20519233 25886714 27 250607 6616389 118960 0 6088 0 0 2097152 0 0
SEP
MEM comp06 1608322054 2020/12/18 15:07:34 1 4096 65614610 20139735 27604731 27 254239 8209770 122584 0 6088 0 0 2097152 0 0
SEP
MEM comp06 1608322055 2020/12/18 15:07:35 1 4096 65614610 17379301 30015816 27 259797 10496353 128120 0 6088 0 0 2097152 0 0
SEP
MEM comp06 1608322056 2020/12/18 15:07:36 1 4096 65614610 14761908 32154104 27 264763 12508305 133128 0 6088 0 0 2097152 0 0
SEP
MEM comp06 1608322057 2020/12/18 15:07:37 1 4096 65614610 12911688 33446855 27 267901 13674134 136178 0 6088 0 0 2097152 0 0
SEP
MEM comp06 1608322058 2020/12/18 15:07:38 1 4096 65614610 11743602 34299304 27 269735 14399632 138034 0 6088 0 0 2097152 0 0
SEP
MEM comp06 1608322059 2020/12/18 15:07:39 1 4096 65614610 11007359 35033639 27 270741 15008284 138914 0 6088 0 0 2097152 0 0
SEP
MEM comp06 1608322060 2020/12/18 15:07:40 1 4096 65614610 10415421 35624140 27 272813 15473313 140996 0 6088 0 0 2097152 0 0
SEP
MEM comp06 1608322061 2020/12/18 15:07:41 1 4096 65614610 9958994 36079773 27 273837 15807666 142036 0 6088 0 0 2097152 0 0
SEP
MEM comp06 1608322062 2020/12/18 15:07:42 1 4096 65614610 9592639 36445291 27 274537 16049616 142716 0 6088 0 0 2097152 0 0
SEP
MEM comp06 1608322063 2020/12/18 15:07:43 1 4096 65614610 9423414 36717720 27 275330 16196004 143500 0 6088 0 0 2097152 0 0
SEP
MEM comp06 1608322064 2020/12/18 15:07:44 1 4096 65614610 9155914 36880824 27 275704 16233675 143868 0 6088 0 0 2097152 0 0
SEP
MEM comp06 1608322065 2020/12/18 15:07:45 1 4096 65614610 9060129 36976724 27 275792 16202539 144092 0 6088 0 0 2097152 0 0
SEP
MEM comp06 1608322066 2020/12/18 15:07:46 1 4096 65614610 8984508 37051970 27 276016 16150869 144252 0 6088 0 0 2097152 0 0
SEP
MEM comp06 1608322067 2020/12/18 15:07:47 1 4096 65614610 8929849 37106407 27 276098 16079490 144388 0 6088 0 0 2097152 0 0
SEP
MEM comp06 1608322068 2020/12/18 15:07:48 1 4096 65614610 8879365 37157330 27 276208 16006692 144492 0 6088 0 0 2097152 0 0
SEP
MEM comp06 1608322069 2020/12/18 15:07:49 1 4096 65614610 8828047 37208715 27 276284 15935464 144604 0 6088 0 0 2097152 0 0
SEP
MEM comp06 1608322070 2020/12/18 15:07:50 1 4096 65614610 8768130 37268736 27 276478 15869301 144780 0 6088 0 0 2097152 0 0
SEP
MEM comp06 1608322071 2020/12/18 15:07:51 1 4096 65614610 8709765 37327218 27 276558 15800551 144852 0 6088 0 0 2097152 0 0
SEP
MEM comp06 1608322072 2020/12/18 15:07:52 1 4096 65614610 8650884 37384773 27 276784 15738952 145060 0 6088 0 0 2097152 0 0
SEP
MEM comp06 1608322073 2020/12/18 15:07:53 1 4096 65614610 8592847 37442917 27 276854 15672535 145156 0 6088 0 0 2097152 0 0
SEP
MEM comp06 1608322074 2020/12/18 15:07:54 1 4096 65614610 8526338 37508803 27 276972 15611430 145276 0 6088 0 0 2097152 0 0
SEP
MEM comp06 1608322075 2020/12/18 15:07:55 1 4096 65614610 8460402 37574916 27 277157 15559315 145452 0 6088 0 0 2097152 0 0
SEP
MEM comp06 1608322076 2020/12/18 15:07:56 1 4096 65614610 8391749 37643417 27 277346 15509096 145620 0 6088 0 0 2097152 0 0
SEP
MEM comp06 1608322077 2020/12/18 15:07:57 1 4096 65614610 8319714 37715278 27 277494 15459097 145764 0 6088 0 0 2097152 0 0
SEP
MEM comp06 1608322078 2020/12/18 15:07:58 1 4096 65614610 8242864 37791727 27 277680 15411385 145940 0 6088 0 0 2097152 0 0
SEP
MEM comp06 1608322079 2020/12/18 15:07:59 1 4096 65614610 8163991 37870403 27 277814 15364625 146084 0 6088 0 0 2097152 0 0
SEP
MEM comp06 1608322080 2020/12/18 15:08:00 1 4096 65614610 8079127 37955264 27 278052 15323338 146300 0 6088 0 0 2097152 0 0
SEP
MEM comp06 1608322081 2020/12/18 15:08:01 1 4096 65614610 7991216 38042949 27 278232 15284195 146500 0 6088 0 0 2097152 0 0
SEP
MEM comp06 1608322082 2020/12/18 15:08:02 1 4096 65614610 7901088 38132956 27 278430 15251182 146692 0 6088 0 0 2097152 0 0
SEP
MEM comp06 1608322083 2020/12/18 15:08:03 1 4096 65614610 7808519 38225124 27 278648 15218604 146892 0 6088 0 0 2097152 0 0
SEP
MEM comp06 1608322084 2020/12/18 15:08:04 1 4096 65614610 7713838 38319421 27 278840 15185542 147076 0 6088 0 0 2097152 0 0
SEP
MEM comp06 1608322085 2020/12/18 15:08:05 1 4096 65614610 7614578 38418905 27 279074 15161762 147316 0 6088 0 0 2097152 0 0
SEP
MEM comp06 1608322086 2020/12/18 15:08:06 1 4096 65614610 7514276 38518790 27 279330 15136847 147532 0 6088 0 0 2097152 0 0
SEP
MEM comp06 1608322087 2020/12/18 15:08:07 1 4096 65614610 7411320 38621597 27 279544 15114150 147780 0 6088 0 0 2097152 0 0
SEP
MEM comp06 1608322088 2020/12/18 15:08:08 1 4096 65614610 7307971 38724968 27 279784 15100092 148020 0 6088 0 0 2097152 0 0
SEP
MEM comp06 1608322089 2020/12/18 15:08:09 1 4096 65614610 7204511 38828062 27 279996 15083511 148236 0 6088 0 0 2097152 0 0
SEP
MEM comp06 1608322090 2020/12/18 15:08:10 1 4096 65614610 7096526 38935645 27 280284 15064166 148516 0 6088 0 0 2097152 0 0
SEP
MEM comp06 1608322091 2020/12/18 15:08:11 1 4096 65614610 6987568 39044249 27 280546 15047458 148764 0 6088 0 0 2097152 0 0
SEP
MEM comp06 1608322092 2020/12/18 15:08:12 1 4096 65614610 6877429 39154340 27 280772 15032051 148980 0 6088 0 0 2097152 0 0
SEP
MEM comp06 1608322093 2020/12/18 15:08:13 1 4096 65614610 6766114 39265657 27 281004 15021651 149228 0 6088 0 0 2097152 0 0
SEP
MEM comp06 1608322094 2020/12/18 15:08:14 1 4096 65614610 6655477 39376231 27 281226 15013676 149460 0 6088 0 0 2097152 0 0
SEP
MEM comp06 1608322095 2020/12/18 15:08:15 1 4096 65614610 6541418 39489648 27 281524 15002783 149756 0 6088 0 0 2097152 0 0
SEP
MEM comp06 1608322096 2020/12/18 15:08:16 1 4096 65614610 6429176 39601780 27 281788 14993425 150020 0 6088 0 0 2097152 0 0
SEP
MEM comp06 1608322097 2020/12/18 15:08:17 1 4096 65614610 6314668 39716147 27 282064 14980932 150268 0 6088 0 0 2097152 0 0
SEP
MEM comp06 1608322098 2020/12/18 15:08:18 1 4096 65614610 6198165 39832461 27 282332 14969702 150548 0 6088 0 0 2097152 0 0
SEP
MEM comp06 1608322099 2020/12/18 15:08:19 1 4096 65614610 6081187 39948753 27 282594 14960573 150788 0 6088 0 0 2097152 0 0
SEP
MEM comp06 1608322100 2020/12/18 15:08:20 1 4096 65614610 5964100 40066030 27 282862 14952697 151052 0 6088 0 0 2097152 0 0
SEP
MEM comp06 1608322101 2020/12/18 15:08:21 1 4096 65614610 5844316 40185444 27 283130 14952021 151324 0 6088 0 0 2097152 0 0
SEP
MEM comp06 1608322102 2020/12/18 15:08:22 1 4096 65614610 5726207 40303344 27 283412 14950537 151612 0 6088 0 0 2097152 0 0
SEP
MEM comp06 1608322103 2020/12/18 15:08:23 1 4096 65614610 5606767 40422411 27 283676 14948776 151884 0 6088 0 0 2097152 0 0
SEP
MEM comp06 1608322104 2020/12/18 15:08:24 1 4096 65614610 5489989 40539329 27 283814 14949496 152068 0 6088 0 0 2097152 0 0
SEP
MEM comp06 1608322105 2020/12/18 15:08:25 1 4096 65614610 5607598 40670455 27 284148 14965276 152428 0 6088 0 0 2097152 0 0
SEP
MEM comp06 1608322106 2020/12/18 15:08:26 1 4096 65614610 5229508 40799175 27 284436 14971872 152708 0 6088 0 0 2097152 0 0
SEP
MEM comp06 1608322107 2020/12/18 15:08:27 1 4096 65614610 5104357 40923867 27 284790 14977332 153020 0 6088 0 0 2097152 0 0
SEP
MEM comp06 1608322108 2020/12/18 15:08:28 1 4096 65614610 4983612 41044437 27 285024 14989798 153300 0 6088 0 0 2097152 0 0
SEP
MEM comp06 1608322109 2020/12/18 15:08:29 1 4096 65614610 4864670 41163230 27 285358 14992162 153476 0 6088 0 0 2097152 0 0
SEP
MEM comp06 1608322110 2020/12/18 15:08:30 1 4096 65614610 4747830 41279741 27 285618 15002678 153812 0 6088 0 0 2097152 0 0
SEP
MEM comp06 1608322111 2020/12/18 15:08:31 1 4096 65614610 5155891 41419323 27 285863 15030804 154108 0 6088 0 0 2097152 0 0
SEP
MEM comp06 1608322112 2020/12/18 15:08:32 1 4096 65614610 4478570 41548510 27 286125 15037629 154348 0 6088 0 0 2097152 0 0
SEP
MEM comp06 1608322113 2020/12/18 15:08:33 1 4096 65614610 4356159 41670587 27 286461 15044824 154700 0 6088 0 0 2097152 0 0
SEP
MEM comp06 1608322114 2020/12/18 15:08:34 1 4096 65614610 4237479 41788717 27 286707 15050504 154972 0 6088 0 0 2097152 0 0
SEP
MEM comp06 1608322115 2020/12/18 15:08:35 1 4096 65614610 4123084 41902935 27 286917 15045037 155188 0 6088 0 0 2097152 0 0
SEP
MEM comp06 1608322116 2020/12/18 15:08:36 1 4096 65614610 4009217 42016544 27 287209 15045044 155476 0 6088 0 0 2097152 0 0
SEP
MEM comp06 1608322117 2020/12/18 15:08:37 1 4096 65614610 3891057 42134380 27 287489 15045380 155756 0 6088 0 0 2097152 0 0
SEP
MEM comp06 1608322118 2020/12/18 15:08:38 1 4096 65614610 3775253 42249925 27 287759 15042325 156036 0 6088 0 0 2097152 0 0
SEP
MEM comp06 1608322119 2020/12/18 15:08:39 1 4096 65614610 3662097 42362871 27 287893 15036712 156276 0 6088 0 0 2097152 0 0
SEP
MEM comp06 1608322120 2020/12/18 15:08:40 1 4096 65614610 3550278 42474303 27 288181 15027005 156436 0 6088 0 0 2097152 0 0
SEP
MEM comp06 1608322121 2020/12/18 15:08:41 1 4096 65614610 3593780 42595927 27 288549 15037983 156820 0 6088 0 0 2097152 0 0
SEP
MEM comp06 1608322122 2020/12/18 15:08:42 1 4096 65614610 3314153 42709986 27 288831 15039484 157084 0 6088 0 0 2097152 0 0
SEP
MEM comp06 1608322123 2020/12/18 15:08:43 1 4096 65614610 3202673 42821010 27 289005 15034022 157292 0 6088 0 0 2097152 0 0
SEP
MEM comp06 1608322124 2020/12/18 15:08:44 1 4096 65614610 3092883 42930870 27 289245 15031766 157532 0 6088 0 0 2097152 0 0
SEP
MEM comp06 1608322125 2020/12/18 15:08:45 1 4096 65614610 2984213 43039538 27 289495 15024210 157780 0 6088 0 0 2097152 0 0
SEP
MEM comp06 1608322126 2020/12/18 15:08:46 1 4096 65614610 2872069 43151004 27 289779 15010634 158052 0 6088 0 0 2097152 0 0
SEP
MEM comp06 1608322127 2020/12/18 15:08:47 1 4096 65614610 2759960 43262942 27 290025 15017726 158300 0 6088 0 0 2097152 0 0
SEP
MEM comp06 1608322128 2020/12/18 15:08:48 1 4096 65614610 2649507 43373162 27 290355 15023182 158556 0 6088 0 0 2097152 0 0
SEP
MEM comp06 1608322129 2020/12/18 15:08:49 1 4096 65614610 2540444 43481726 27 290663 15016734 158812 0 6088 0 0 2097152 0 0
SEP
MEM comp06 1608322130 2020/12/18 15:08:50 1 4096 65614610 2432262 43589563 27 290857 15022218 159084 0 6088 0 0 2097152 0 0
SEP
MEM comp06 1608322131 2020/12/18 15:08:51 1 4096 65614610 2325765 43696183 27 291075 15008244 159284 0 6088 0 0 2097152 0 0
SEP
MEM comp06 1608322132 2020/12/18 15:08:52 1 4096 65614610 2217843 43803687 27 291363 14990904 159548 0 6088 0 0 2097152 0 0
SEP
MEM comp06 1608322133 2020/12/18 15:08:53 1 4096 65614610 2108723 43912431 27 291577 14988196 159772 0 6088 0 0 2097152 0 0
SEP
MEM comp06 1608322134 2020/12/18 15:08:54 1 4096 65614610 1999085 44021898 27 291833 14986968 160028 0 6088 0 0 2097152 0 0
SEP
MEM comp06 1608322135 2020/12/18 15:08:55 1 4096 65614610 1889836 44130891 27 292077 14984864 160308 0 6088 0 0 2097152 0 0
SEP
MEM comp06 1608322136 2020/12/18 15:08:56 1 4096 65614610 1783071 44237974 27 292297 14979783 160516 0 6088 0 0 2097152 0 0
SEP
MEM comp06 1608322137 2020/12/18 15:08:57 1 4096 65614610 1673783 44346410 27 292615 14961785 160796 0 6088 0 0 2097152 0 0
SEP
MEM comp06 1608322138 2020/12/18 15:08:58 1 4096 65614610 1561804 44458248 27 292867 14948065 161012 0 6088 0 0 2097152 0 0
SEP
MEM comp06 1608322139 2020/12/18 15:08:59 1 4096 65614610 1449803 44569912 27 292973 14933517 161260 0 6088 0 0 2097152 0 0
SEP
MEM comp06 1608322140 2020/12/18 15:09:00 1 4096 65614610 1335696 44684036 27 293251 14927112 161548 0 6088 0 0 2097152 0 0
SEP
MEM comp06 1608322141 2020/12/18 15:09:01 1 4096 65614610 1223290 44796349 27 293517 14937844 161804 0 6088 0 0 2097152 0 0
SEP
MEM comp06 1608322142 2020/12/18 15:09:02 1 4096 65614610 1110884 44907970 27 293897 14942289 162052 0 6088 0 0 2097152 0 0
SEP
MEM comp06 1608322143 2020/12/18 15:09:03 1 4096 65614610 999304 45019387 27 294113 14936404 162276 0 6088 0 0 2097152 0 0
SEP
MEM comp06 1608322144 2020/12/18 15:09:04 1 4096 65614610 887008 45131389 27 294395 14927564 162540 0 6088 0 0 2097152 0 0
SEP
MEM comp06 1608322145 2020/12/18 15:09:05 1 4096 65614610 774353 45243921 27 294525 14914030 162836 0 6088 0 0 2097152 0 0
SEP
MEM comp06 1608322146 2020/12/18 15:09:06 1 4096 65614610 659059 45358859 27 294761 14904343 163076 0 6088 0 0 2097152 0 0
SEP
MEM comp06 1608322147 2020/12/18 15:09:07 1 4096 65614610 542877 45474923 27 295051 14894215 163316 0 6088 0 0 2097152 0 0
SEP
MEM comp06 1608322148 2020/12/18 15:09:08 1 4096 65614610 426026 45592189 27 295299 14890187 163580 0 6088 0 0 2097152 0 0
SEP
MEM comp06 1608322149 2020/12/18 15:09:09 1 4096 65614610 309189 45708487 27 295573 14897441 163868 0 6088 0 0 2097152 0 0
SEP
MEM comp06 1608322150 2020/12/18 15:09:10 1 4096 65614610 317131 45701194 27 295317 14901525 163618 0 6088 0 0 2097152 0 0
SEP
MEM comp06 1608322151 2020/12/18 15:09:11 1 4096 65614610 255920 45762306 27 295541 14897978 163846 0 6088 0 0 2097152 0 0
SEP
MEM comp06 1608322152 2020/12/18 15:09:12 1 4096 65614610 264368 45753296 27 295889 14898408 164134 0 6088 0 0 2097152 0 0
SEP
MEM comp06 1608322153 2020/12/18 15:09:13 1 4096 65614610 255679 45761956 27 296139 14898962 164374 0 6088 0 0 2097152 0 0
SEP
MEM comp06 1608322154 2020/12/18 15:09:14 1 4096 65614610 313077 45868216 27 296442 14902222 164686 0 6088 0 0 2097152 0 0
SEP
MEM comp06 1608322155 2020/12/18 15:09:15 1 4096 65614610 240493 45776905 27 296650 14917152 164902 0 6088 0 0 2097152 0 0
SEP
MEM comp06 1608322156 2020/12/18 15:09:16 1 4096 65614610 236764 45780217 27 296770 14929630 165024 0 6088 0 0 2097152 0 0
SEP
MEM comp06 1608322157 2020/12/18 15:09:17 1 4096 65614610 274691 45742252 27 296914 14931438 165158 0 6088 0 0 2097152 0 0
SEP
MEM comp06 1608322158 2020/12/18 15:09:18 1 4096 65614610 277568 45738959 27 297232 14944624 165342 0 6088 0 0 2097152 0 0
SEP
MEM comp06 1608322159 2020/12/18 15:09:19 1 4096 65614610 280434 45736098 27 297394 14955896 165558 0 6088 0 0 2097152 0 0
SEP
MEM comp06 1608322160 2020/12/18 15:09:20 1 4096 65614610 253520 45762200 27 298160 14955165 166306 0 6088 0 0 2097152 0 0
SEP
MEM comp06 1608322161 2020/12/18 15:09:21 1 4096 65614610 246816 45768652 27 298436 14948607 166594 0 6088 0 0 2097152 0 0
SEP
MEM comp06 1608322162 2020/12/18 15:09:22 1 4096 65614610 452649 45831214 27 298758 14947111 166882 0 6088 0 0 2097152 0 0
SEP
MEM comp06 1608322163 2020/12/18 15:09:23 1 4096 65614610 293403 45721897 27 298452 14945143 166706 0 6088 0 0 2097152 0 0
SEP
MEM comp06 1608322164 2020/12/18 15:09:24 1 4096 65614610 665530 45787607 27 299280 14942100 167520 0 6088 0 0 2097152 0 0
SEP
MEM comp06 1608322165 2020/12/18 15:09:25 1 4096 65614610 233149 45781236 27 299516 14937714 167760 0 6088 0 0 2097152 0 0
SEP
MEM comp06 1608322166 2020/12/18 15:09:26 1 4096 65614610 225445 45788410 27 299782 14940219 168024 0 6088 0 0 2097152 0 0
SEP
MEM comp06 1608322167 2020/12/18 15:09:27 1 4096 65614610 589696 45854935 27 300042 14954271 168304 0 6088 0 0 2097152 0 0
SEP
MEM comp06 1608322168 2020/12/18 15:09:28 1 4096 65614610 283712 45729653 27 300410 14966101 168576 0 6088 0 0 2097152 0 0
SEP
MEM comp06 1608322169 2020/12/18 15:09:29 1 4096 65614610 723302 45765745 27 300656 14972018 168872 0 6088 0 0 2097152 0 0
SEP
MEM comp06 1608322170 2020/12/18 15:09:30 1 4096 65614610 297519 45715402 27 300820 14962733 169096 0 6088 0 0 2097152 0 0
SEP
MEM comp06 1608322171 2020/12/18 15:09:31 1 4096 65614610 303830 45708844 27 301080 14953322 169352 0 6088 0 0 2097152 0 0
SEP
MEM comp06 1608322172 2020/12/18 15:09:32 1 4096 65614610 206997 45805048 27 301412 14952472 169640 0 6088 0 0 2097152 0 0
SEP
MEM comp06 1608322173 2020/12/18 15:09:33 1 4096 65614610 312600 45699408 27 301632 14935590 169864 0 6088 0 0 2097152 0 0
SEP
MEM comp06 1608322174 2020/12/18 15:09:34 1 4096 65614610 317746 45694140 27 301848 14926546 170104 0 6088 0 0 2097152 0 0
SEP
MEM comp06 1608322175 2020/12/18 15:09:35 1 4096 65614610 248672 45763184 27 302136 14933088 170384 0 6088 0 0 2097152 0 0
SEP
MEM comp06 1608322176 2020/12/18 15:09:36 1 4096 65614610 293219 45755039 27 302426 14946281 170680 0 6088 0 0 2097152 0 0
SEP
MEM comp06 1608322177 2020/12/18 15:09:37 1 4096 65614610 264524 45746289 27 302698 14945399 170960 0 6088 0 0 2097152 0 0
SEP
MEM comp06 1608322178 2020/12/18 15:09:38 1 4096 65614610 258883 45751867 27 302978 14953715 171216 0 6088 0 0 2097152 0 0
SEP
MEM comp06 1608322179 2020/12/18 15:09:39 1 4096 65614610 260241 45749948 27 303360 14958459 171472 0 6088 0 0 2097152 0 0
SEP
MEM comp06 1608322180 2020/12/18 15:09:40 1 4096 65614610 244836 45764865 27 303596 14957181 171696 0 6088 0 0 2097152 0 0
SEP
MEM comp06 1608322181 2020/12/18 15:09:41 1 4096 65614610 284370 45885717 27 303832 14972501 172000 0 6088 0 0 2097152 0 0
SEP
MEM comp06 1608322182 2020/12/18 15:09:42 1 4096 65614610 261427 45747857 27 304086 14978759 172266 0 6088 0 0 2097152 0 0
SEP
MEM comp06 1608322183 2020/12/18 15:09:43 1 4096 65614610 256036 45753074 27 304308 14980447 172482 0 6088 0 0 2097152 0 0
SEP
MEM comp06 1608322184 2020/12/18 15:09:44 1 4096 65614610 259986 45749126 27 304546 14987027 172770 0 6088 0 0 2097152 0 0
SEP
MEM comp06 1608322185 2020/12/18 15:09:45 1 4096 65614610 245823 45762710 27 304850 14975049 173042 0 6088 0 0 2097152 0 0
SEP
MEM comp06 1608322186 2020/12/18 15:09:46 1 4096 65614610 220310 45788430 27 305016 14982652 173258 0 6088 0 0 2097152 0 0
SEP
MEM comp06 1608322187 2020/12/18 15:09:47 1 4096 65614610 227574 45780133 27 305404 15007551 173530 0 6088 0 0 2097152 0 0
SEP
MEM comp06 1608322188 2020/12/18 15:09:48 1 4096 65614610 242703 45765429 27 305536 15031214 173746 0 6088 0 0 2097152 0 0
SEP
MEM comp06 1608322189 2020/12/18 15:09:49 1 4096 65614610 247511 45760129 27 305856 15051231 173994 0 6088 0 0 2097152 0 0
SEP
MEM comp06 1608322190 2020/12/18 15:09:50 1 4096 65614610 270911 45736212 27 305980 15065942 174210 0 6088 0 0 2097152 0 0
SEP
MEM comp06 1608322191 2020/12/18 15:09:51 1 4096 65614610 285102 45722021 27 306280 15074596 174418 0 6088 0 0 2097152 0 0
SEP
MEM comp06 1608322192 2020/12/18 15:09:52 1 4096 65614610 283601 45723249 27 306374 15037643 174618 0 6088 0 0 2097152 0 0
SEP
MEM comp06 1608322193 2020/12/18 15:09:53 1 4096 65614610 290935 45715795 27 306638 15000866 174754 0 6088 0 0 2097152 0 0
SEP
MEM comp06 1608322194 2020/12/18 15:09:54 1 4096 65614610 292535 45714132 27 306792 14976471 175034 0 6088 0 0 2097152 0 0
SEP
MEM comp06 1608322195 2020/12/18 15:09:55 1 4096 65614610 239218 45766764 27 307106 14951623 175218 0 6088 0 0 2097152 0 0
SEP
MEM comp06 1608322196 2020/12/18 15:09:56 1 4096 65614610 261901 45744162 27 307280 14929030 175482 0 6088 0 0 2097152 0 0
SEP
MEM comp06 1608322197 2020/12/18 15:09:57 1 4096 65614610 261477 45744632 27 307514 14907347 175698 0 6088 0 0 2097152 0 0
SEP
MEM comp06 1608322198 2020/12/18 15:09:58 1 4096 65614610 271889 45733873 27 307688 14899298 175938 0 6088 0 0 2097152 0 0
SEP
MEM comp06 1608322199 2020/12/18 15:09:59 1 4096 65614610 263251 45741921 27 308036 14899280 176210 0 6088 0 0 2097152 0 0
SEP
MEM comp06 1608322200 2020/12/18 15:10:00 1 4096 65614610 273423 45731771 27 308376 14879961 176482 0 6088 0 0 2097152 0 0
SEP
MEM comp06 1608322201 2020/12/18 15:10:01 1 4096 65614610 767473 45703989 27 308630 14894322 176738 0 6088 0 0 2097152 0 0
SEP
MEM comp06 1608322202 2020/12/18 15:10:02 1 4096 65614610 260600 45744208 27 308832 14918160 177010 0 6088 0 0 2097152 0 0
SEP
MEM comp06 1608322203 2020/12/18 15:10:03 1 4096 65614610 257047 45747410 27 308994 14919650 177186 0 6088 0 0 2097152 0 0
SEP
MEM comp06 1608322204 2020/12/18 15:10:04 1 4096 65614610 263332 45740746 27 309410 14904604 177514 0 6088 0 0 2097152 0 0
SEP
MEM comp06 1608322205 2020/12/18 15:10:05 1 4096 65614610 269369 45734387 27 309568 14890662 177794 0 6088 0 0 2097152 0 0
SEP
MEM comp06 1608322206 2020/12/18 15:10:06 1 4096 65614610 300410 45703005 27 309790 14889631 178010 0 6088 0 0 2097152 0 0
SEP
MEM comp06 1608322207 2020/12/18 15:10:07 1 4096 65614610 1031736 45699908 27 310058 14885878 178290 0 6088 0 0 2097152 0 0
SEP
MEM comp06 1608322208 2020/12/18 15:10:08 1 4096 65614610 347107 45656433 27 310208 14897560 178434 0 6088 0 0 2097152 0 0
SEP
MEM comp06 1608322209 2020/12/18 15:10:09 1 4096 65614610 914633 45773513 27 310616 14909569 178826 0 6088 0 0 2097152 0 0
SEP
MEM comp06 1608322210 2020/12/18 15:10:10 1 4096 65614610 884488 45764076 27 310880 14908792 179106 0 6088 0 0 2097152 0 0
SEP
MEM comp06 1608322211 2020/12/18 15:10:11 1 4096 65614610 359985 45642141 27 311060 14898564 179274 0 6088 0 0 2097152 0 0
SEP
MEM comp06 1608322212 2020/12/18 15:10:12 1 4096 65614610 483911 45751787 27 311434 14880670 179594 0 6087 0 0 2097152 0 0
SEP
MEM comp06 1608322213 2020/12/18 15:10:13 1 4096 65614610 309848 45692675 27 311556 14865238 179690 0 6087 0 0 2097152 0 0
SEP
MEM comp06 1608322214 2020/12/18 15:10:14 1 4096 65614610 317687 45684207 27 311990 14853740 180098 0 6087 0 0 2097152 0 0
SEP
MEM comp06 1608322215 2020/12/18 15:10:15 1 4096 65614610 576239 45798500 27 312128 14842456 180346 0 6087 0 0 2097152 0 0
SEP
MEM comp06 1608322216 2020/12/18 15:10:16 1 4096 65614610 254442 45747422 27 312292 14836435 180522 0 6087 0 0 2097152 0 0
SEP
MEM comp06 1608322217 2020/12/18 15:10:17 1 4096 65614610 254096 45747205 27 312626 14828319 180842 0 6087 0 0 2097152 0 0
SEP
MEM comp06 1608322218 2020/12/18 15:10:18 1 4096 65614610 250426 45750444 27 313026 14823280 181170 0 6087 0 0 2097152 0 0
SEP
MEM comp06 1608322219 2020/12/18 15:10:19 1 4096 65614610 261467 45739176 27 313230 14823128 181370 0 6087 0 0 2097152 0 0
SEP
MEM comp06 1608322220 2020/12/18 15:10:20 1 4096 65614610 260074 45740186 27 313560 14815890 181682 0 6087 0 0 2097152 0 0
SEP
MEM comp06 1608322221 2020/12/18 15:10:21 1 4096 65614610 967929 45736588 27 313886 14822015 182002 0 6087 0 0 2097152 0 0
SEP
MEM comp06 1608322222 2020/12/18 15:10:22 1 4096 65614610 201530 45859149 27 314181 14846283 182298 0 6087 0 0 2097152 0 0
SEP
MEM comp06 1608322223 2020/12/18 15:10:23 1 4096 65614610 250864 45748325 27 314525 14854076 182610 0 6087 0 0 2097152 0 0
SEP
MEM comp06 1608322224 2020/12/18 15:10:24 1 4096 65614610 253054 45746041 27 314797 14853775 182866 0 6087 0 0 2097152 0 0
SEP
MEM comp06 1608322225 2020/12/18 15:10:25 1 4096 65614610 680011 45815823 27 315119 14851626 183154 0 6087 0 0 2097152 0 0
SEP
MEM comp06 1608322226 2020/12/18 15:10:26 1 4096 65614610 740699 45941153 27 315235 14850277 183450 0 6087 0 0 2097152 0 0
SEP
MEM comp06 1608322227 2020/12/18 15:10:27 1 4096 65614610 302226 46066641 27 315515 14858069 183718 0 6087 0 0 2097152 0 0
SEP
MEM comp06 1608322228 2020/12/18 15:10:28 1 4096 65614610 276907 45956523 27 315855 14869812 184030 0 6087 0 0 2097152 0 0
SEP
MEM comp06 1608322229 2020/12/18 15:10:29 1 4096 65614610 1046018 45684242 27 316059 14868133 184254 0 6086 0 0 2097152 0 0
SEP
MEM comp06 1608322230 2020/12/18 15:10:30 1 4096 65614610 229029 45805390 27 316347 14864050 184542 0 6086 0 0 2097152 0 0
SEP
MEM comp06 1608322231 2020/12/18 15:10:31 1 4096 65614610 269884 45726980 27 316669 14860296 184862 0 6086 0 0 2097152 0 0
SEP
MEM comp06 1608322232 2020/12/18 15:10:32 1 4096 65614610 278641 45718173 27 316921 14872987 185134 0 6086 0 0 2097152 0 0
SEP
MEM comp06 1608322233 2020/12/18 15:10:33 1 4096 65614610 254247 45741941 27 317215 14878635 185414 0 6086 0 0 2097152 0 0
SEP
MEM comp06 1608322234 2020/12/18 15:10:34 1 4096 65614610 868765 45751973 27 317567 14891607 185750 0 6086 0 0 2097152 0 0
SEP
MEM comp06 1608322235 2020/12/18 15:10:35 1 4096 65614610 315233 45680562 27 317997 14910182 186038 0 6086 0 0 2097152 0 0
SEP
MEM comp06 1608322236 2020/12/18 15:10:36 1 4096 65614610 280632 45714789 27 318279 14920849 186358 0 6086 0 0 2097152 0 0
SEP
MEM comp06 1608322237 2020/12/18 15:10:37 1 4096 65614610 297795 45697257 27 318465 14927857 186550 0 6086 0 0 2097152 0 0
SEP
MEM comp06 1608322238 2020/12/18 15:10:38 1 4096 65614610 311433 45683371 27 318747 14933032 186862 0 6086 0 0 2097152 0 0
SEP
MEM comp06 1608322239 2020/12/18 15:10:39 1 4096 65614610 309134 45685552 27 318965 14936491 187158 0 6086 0 0 2097152 0 0
SEP
MEM comp06 1608322240 2020/12/18 15:10:40 1 4096 65614610 302917 45691862 27 319247 14942378 187342 0 6086 0 0 2097152 0 0
SEP
MEM comp06 1608322241 2020/12/18 15:10:41 1 4096 65614610 257970 45736374 27 319553 14947953 187702 0 6086 0 0 2097152 0 0
SEP
MEM comp06 1608322242 2020/12/18 15:10:42 1 4096 65614610 255733 45738253 27 319823 14952172 187982 0 6086 0 0 2097152 0 0
SEP
MEM comp06 1608322243 2020/12/18 15:10:43 1 4096 65614610 256049 45737703 27 320065 14956875 188254 0 6086 0 0 2097152 0 0
SEP
MEM comp06 1608322244 2020/12/18 15:10:44 1 4096 65614610 256133 45737403 27 320361 14948350 188526 0 6086 0 0 2097152 0 0
SEP
MEM comp06 1608322245 2020/12/18 15:10:45 1 4096 65614610 256237 45737084 27 320687 14938744 188790 0 6086 0 0 2097152 0 0
SEP
MEM comp06 1608322246 2020/12/18 15:10:46 1 4096 65614610 256436 45736454 27 320943 14931618 189054 0 6086 0 0 2097152 0 0
SEP
MEM comp06 1608322247 2020/12/18 15:10:47 1 4096 65614610 255872 45736751 27 321263 14923131 189326 0 6086 0 0 2097152 0 0
SEP
MEM comp06 1608322248 2020/12/18 15:10:48 1 4096 65614610 254694 45737464 27 321437 14920250 189502 0 6086 0 0 2097152 0 0
SEP
MEM comp06 1608322249 2020/12/18 15:10:49 1 4096 65614610 253101 45739053 27 321655 14915015 189854 0 6086 0 0 2097152 0 0
SEP
MEM comp06 1608322250 2020/12/18 15:10:50 1 4096 65614610 251608 45740133 27 321937 14908320 190134 0 6086 0 0 2097152 0 0
SEP
MEM comp06 1608322251 2020/12/18 15:10:51 1 4096 65614610 247211 45744501 27 322161 14906894 190406 0 6086 0 0 2097152 0 0
SEP
MEM comp06 1608322252 2020/12/18 15:10:52 1 4096 65614610 244174 45747275 27 322481 14901034 190678 0 6086 0 0 2097152 0 0
SEP
MEM comp06 1608322253 2020/12/18 15:10:53 1 4096 65614610 241178 45749658 27 322747 14900420 190958 0 6086 0 0 2097152 0 0
SEP
MEM comp06 1608322254 2020/12/18 15:10:54 1 4096 65614610 237774 45753057 27 322995 14898008 191238 0 6086 0 0 2097152 0 0
SEP
MEM comp06 1608322255 2020/12/18 15:10:55 1 4096 65614610 234357 45756337 27 323325 14891532 191510 0 6086 0 0 2097152 0 0
SEP
MEM comp06 1608322256 2020/12/18 15:10:56 1 4096 65614610 230466 45759882 27 323589 14891410 191774 0 6086 0 0 2097152 0 0
SEP
MEM comp06 1608322257 2020/12/18 15:10:57 1 4096 65614610 227743 45762331 27 323819 14892513 192038 0 6086 0 0 2097152 0 0
SEP
MEM comp06 1608322258 2020/12/18 15:10:58 1 4096 65614610 222993 45766563 27 324147 14887474 192334 0 6086 0 0 2097152 0 0
SEP
MEM comp06 1608322259 2020/12/18 15:10:59 1 4096 65614610 230807 45758679 27 324411 14895336 192590 0 6086 0 0 2097152 0 0
SEP
MEM comp06 1608322260 2020/12/18 15:11:00 1 4096 65614610 285481 45703588 27 324841 14903451 192886 0 6086 0 0 2097152 0 0
SEP
MEM comp06 1608322261 2020/12/18 15:11:01 1 4096 65614610 299718 45689137 27 325073 14903596 193166 0 6086 0 0 2097152 0 0
SEP
MEM comp06 1608322262 2020/12/18 15:11:02 1 4096 65614610 330075 45658503 27 325337 14899870 193398 0 6086 0 0 2097152 0 0
SEP
MEM comp06 1608322263 2020/12/18 15:11:03 1 4096 65614610 327266 45660971 27 325619 14895556 193694 0 6086 0 0 2097152 0 0
SEP
MEM comp06 1608322264 2020/12/18 15:11:04 1 4096 65614610 324937 45662977 27 325875 14899555 193966 0 6086 0 0 2097152 0 0
SEP
MEM comp06 1608322265 2020/12/18 15:11:05 1 4096 65614610 322898 45664709 27 326137 14898230 194222 0 6086 0 0 2097152 0 0
SEP
MEM comp06 1608322266 2020/12/18 15:11:06 1 4096 65614610 320664 45666835 27 326369 14900293 194494 0 6086 0 0 2097152 0 0
SEP
MEM comp06 1608322267 2020/12/18 15:11:07 1 4096 65614610 319223 45668645 27 326473 14911223 194718 0 6086 0 0 2097152 0 0
SEP
MEM comp06 1608322268 2020/12/18 15:11:08 1 4096 65614610 920948 45799869 27 326885 14928713 195054 0 6086 0 0 2097152 0 0
SEP
MEM comp06 1608322269 2020/12/18 15:11:09 1 4096 65614610 781821 45938895 27 327201 14955892 195382 0 6086 0 0 2097152 0 0
SEP
MEM comp06 1608322270 2020/12/18 15:11:10 1 4096 65614610 646075 46074302 27 327455 14973197 195662 0 6086 0 0 2097152 0 0
SEP
MEM comp06 1608322271 2020/12/18 15:11:11 1 4096 65614610 512623 46207453 27 327809 14979180 195990 0 6086 0 0 2097152 0 0
SEP
MEM comp06 1608322272 2020/12/18 15:11:12 1 4096 65614610 378369 46341450 27 328141 14986707 196294 0 6086 0 0 2097152 0 0
SEP
MEM comp06 1608322273 2020/12/18 15:11:13 1 4096 65614610 952752 46474148 27 328473 14997108 196606 0 6086 0 0 2097152 0 0
SEP
MEM comp06 1608322274 2020/12/18 15:11:14 1 4096 65614610 279256 46632585 27 328877 15032911 196958 0 6086 0 0 2097152 0 0
SEP
MEM comp06 1608322275 2020/12/18 15:11:15 1 4096 65614610 235412 46483233 27 329211 15054338 197286 0 6086 0 0 2097152 0 0
SEP
MEM comp06 1608322276 2020/12/18 15:11:16 1 4096 65614610 219041 46499092 27 329527 15063704 197574 0 6086 0 0 2097152 0 0
SEP
MEM comp06 1608322277 2020/12/18 15:11:17 1 4096 65614610 225918 46492570 27 329857 15066082 197886 0 6086 0 0 2097152 0 0
SEP
MEM comp06 1608322278 2020/12/18 15:11:18 1 4096 65614610 367352 46350452 27 330069 15082255 198166 0 6086 0 0 2097152 0 0
SEP
MEM comp06 1608322279 2020/12/18 15:11:19 1 4096 65614610 310332 46406922 27 330439 15088208 198470 0 6086 0 0 2097152 0 0
SEP
MEM comp06 1608322280 2020/12/18 15:11:20 1 4096 65614610 298063 46418857 27 330631 15094995 198670 0 6086 0 0 2097152 0 0
SEP
MEM comp06 1608322281 2020/12/18 15:11:21 1 4096 65614610 479733 46554109 27 331065 15104812 199062 0 6086 0 0 2097152 0 0
SEP
MEM comp06 1608322282 2020/12/18 15:11:22 1 4096 65614610 247976 46468481 27 331377 15106876 199366 0 6086 0 0 2097152 0 0
SEP
MEM comp06 1608322283 2020/12/18 15:11:23 1 4096 65614610 241514 46474988 27 331559 15109123 199542 0 6086 0 0 2097152 0 0
SEP
MEM comp06 1608322284 2020/12/18 15:11:24 1 4096 65614610 237219 46478652 27 331779 15107645 199918 0 6086 0 0 2097152 0 0
SEP
MEM comp06 1608322285 2020/12/18 15:11:25 1 4096 65614610 233674 46482388 27 332067 15106224 200214 0 6086 0 0 2097152 0 0
SEP
MEM comp06 1608322286 2020/12/18 15:11:26 1 4096 65614610 230122 46485536 27 332309 15104410 200462 0 6086 0 0 2097152 0 0
SEP
MEM comp06 1608322287 2020/12/18 15:11:27 1 4096 65614610 230011 46485200 27 332621 15108088 200750 0 6086 0 0 2097152 0 0
SEP
MEM comp06 1608322288 2020/12/18 15:11:28 1 4096 65614610 225575 46489637 27 332899 15105951 201046 0 6086 0 0 2097152 0 0
SEP
MEM comp06 1608322289 2020/12/18 15:11:29 1 4096 65614610 233421 46481389 27 333181 15104194 201334 0 6086 0 0 2097152 0 0
SEP
MEM comp06 1608322290 2020/12/18 15:11:30 1 4096 65614610 238613 46475789 27 333481 15101756 201622 0 6086 0 0 2097152 0 0
SEP
MEM comp06 1608322291 2020/12/18 15:11:31 1 4096 65614610 334647 46379598 27 333737 15111416 201878 0 6086 0 0 2097152 0 0
SEP
MEM comp06 1608322292 2020/12/18 15:11:32 1 4096 65614610 333600 46380638 27 333961 15116721 202126 0 6086 0 0 2097152 0 0
SEP
MEM comp06 1608322293 2020/12/18 15:11:33 1 4096 65614610 333948 46379794 27 334341 15118996 202430 0 6086 0 0 2097152 0 0
SEP
MEM comp06 1608322294 2020/12/18 15:11:34 1 4096 65614610 334863 46378568 27 334675 15124087 202678 0 6086 0 0 2097152 0 0
SEP
MEM comp06 1608322295 2020/12/18 15:11:35 1 4096 65614610 335980 46376881 27 334981 15125227 202974 0 6086 0 0 2097152 0 0
SEP
MEM comp06 1608322296 2020/12/18 15:11:36 1 4096 65614610 230790 46482073 27 335241 15119321 203230 0 6086 0 0 2097152 0 0
SEP
MEM comp06 1608322297 2020/12/18 15:11:37 1 4096 65614610 223194 46489323 27 335327 15124806 203382 0 6086 0 0 2097152 0 0
SEP
MEM comp06 1608322298 2020/12/18 15:11:38 1 4096 65614610 225236 46487090 27 335671 15131104 203766 0 6086 0 0 2097152 0 0
SEP
MEM comp06 1608322299 2020/12/18 15:11:39 1 4096 65614610 228187 46483880 27 335937 15127765 204022 0 6086 0 0 2097152 0 0
SEP
MEM comp06 1608322300 2020/12/18 15:11:40 1 4096 65614610 232809 46478786 27 336181 15129434 204278 0 6086 0 0 2097152 0 0
SEP
MEM comp06 1608322301 2020/12/18 15:11:41 1 4096 65614610 236426 46475150 27 336441 15127984 204542 0 6086 0 0 2097152 0 0
SEP
MEM comp06 1608322302 2020/12/18 15:11:42 1 4096 65614610 240804 46470678 27 336631 15119626 204718 0 6086 0 0 2097152 0 0
SEP
MEM comp06 1608322303 2020/12/18 15:11:43 1 4096 65614610 242596 46468327 27 336961 15112791 205054 0 6086 0 0 2097152 0 0
SEP
MEM comp06 1608322304 2020/12/18 15:11:44 1 4096 65614610 244472 46466356 27 337249 15105026 205302 0 6086 0 0 2097152 0 0
SEP
MEM comp06 1608322305 2020/12/18 15:11:45 1 4096 65614610 244869 46465516 27 337519 15100869 205566 0 6086 0 0 2097152 0 0
SEP
MEM comp06 1608322306 2020/12/18 15:11:46 1 4096 65614610 243997 46466280 27 337829 15096729 205854 0 6086 0 0 2097152 0 0
SEP
MEM comp06 1608322307 2020/12/18 15:11:47 1 4096 65614610 244265 46465490 27 338017 15095615 206022 0 6086 0 0 2097152 0 0
SEP
MEM comp06 1608322308 2020/12/18 15:11:48 1 4096 65614610 244570 46464993 27 338319 15106505 206398 0 6086 0 0 2097152 0 0
SEP
MEM comp06 1608322309 2020/12/18 15:11:49 1 4096 65614610 231172 46478386 27 338615 15101312 206662 0 6086 0 0 2097152 0 0
SEP
MEM comp06 1608322310 2020/12/18 15:11:50 1 4096 65614610 230862 46478207 27 338925 15093388 206950 0 6086 0 0 2097152 0 0
SEP
MEM comp06 1608322311 2020/12/18 15:11:51 1 4096 65614610 954562 46488331 27 339199 15106213 207230 0 6086 0 0 2097152 0 0
SEP
MEM comp06 1608322312 2020/12/18 15:11:52 1 4096 65614610 814519 46628075 27 339357 15127531 207398 0 6086 0 0 2097152 0 0
SEP
MEM comp06 1608322313 2020/12/18 15:11:53 1 4096 65614610 676057 46766181 27 339833 15143933 207846 0 6086 0 0 2097152 0 0
SEP
MEM comp06 1608322314 2020/12/18 15:11:54 1 4096 65614610 538785 46902879 27 340175 15159532 208182 0 6086 0 0 2097152 0 0
SEP
MEM comp06 1608322315 2020/12/18 15:11:55 1 4096 65614610 405019 47036359 27 340457 15177309 208478 0 6086 0 0 2097152 0 0
SEP
MEM comp06 1608322316 2020/12/18 15:11:56 1 4096 65614610 272425 47168561 27 340731 15195837 208774 0 6086 0 0 2097152 0 0
SEP
MEM comp06 1608322317 2020/12/18 15:11:57 1 4096 65614610 262606 47178607 27 340891 15207803 208926 0 6086 0 0 2097152 0 0
SEP
MEM comp06 1608322318 2020/12/18 15:11:58 1 4096 65614610 801625 47192718 27 341229 15232939 209382 0 6086 0 0 2097152 0 0
SEP
MEM comp06 1608322319 2020/12/18 15:11:59 1 4096 65614610 304816 47135561 27 341515 15268824 209662 0 6086 0 0 2097152 0 0
SEP
MEM comp06 1608322320 2020/12/18 15:12:00 1 4096 65614610 608556 47267634 27 341871 15287659 209998 0 6086 0 0 2097152 0 0
SEP
MEM comp06 1608322321 2020/12/18 15:12:01 1 4096 65614610 288295 47151240 27 342147 15294233 210270 0 6086 0 0 2097152 0 0
SEP
MEM comp06 1608322322 2020/12/18 15:12:02 1 4096 65614610 254541 47184822 27 342435 15305709 210550 0 6086 0 0 2097152 0 0
SEP
MEM comp06 1608322323 2020/12/18 15:12:03 1 4096 65614610 254205 47185437 27 342543 15310190 210718 0 6086 0 0 2097152 0 0
SEP
MEM comp06 1608322324 2020/12/18 15:12:04 1 4096 65614610 1091263 47269580 27 342981 15315736 211110 0 6086 0 0 2097152 0 0
SEP
MEM comp06 1608322325 2020/12/18 15:12:05 1 4096 65614610 295381 47155926 27 343179 15327929 211304 0 6086 0 0 2097152 0 0
SEP
MEM comp06 1608322326 2020/12/18 15:12:06 1 4096 65614610 325886 47112138 27 343549 15334893 211672 0 6086 0 0 2097152 0 0
SEP
MEM comp06 1608322327 2020/12/18 15:12:07 1 4096 65614610 323089 47114891 27 343811 15341585 211952 0 6086 0 0 2097152 0 0
SEP
MEM comp06 1608322328 2020/12/18 15:12:08 1 4096 65614610 329256 47108619 27 344111 15336148 212232 0 6086 0 0 2097152 0 0
SEP
MEM comp06 1608322329 2020/12/18 15:12:09 1 4096 65614610 988688 47168343 27 344399 15333211 212496 0 6086 0 0 2097152 0 0
SEP
MEM comp06 1608322330 2020/12/18 15:12:10 1 4096 65614610 238378 47214861 27 344669 15348811 212792 0 6086 0 0 2097152 0 0
SEP
MEM comp06 1608322331 2020/12/18 15:12:11 1 4096 65614610 334179 47102418 27 344933 15362346 213080 0 6086 0 0 2097152 0 0
SEP
MEM comp06 1608322332 2020/12/18 15:12:12 1 4096 65614610 335604 47100678 27 345359 15371802 213352 0 6086 0 0 2097152 0 0
SEP
MEM comp06 1608322333 2020/12/18 15:12:13 1 4096 65614610 247178 47188992 27 345515 15381642 213560 0 6086 0 0 2097152 0 0
SEP
MEM comp06 1608322334 2020/12/18 15:12:14 1 4096 65614610 734275 47186506 27 345757 15397044 213872 0 6086 0 0 2097152 0 0
SEP
MEM comp06 1608322335 2020/12/18 15:12:15 1 4096 65614610 250892 47305010 27 345991 15411133 214128 0 6086 0 0 2097152 0 0
SEP
MEM comp06 1608322336 2020/12/18 15:12:16 1 4096 65614610 235566 47200246 27 346219 15422699 214360 0 6086 0 0 2097152 0 0
SEP
MEM comp06 1608322337 2020/12/18 15:12:17 1 4096 65614610 291395 47143580 27 346631 15428287 214632 0 6086 0 0 2097152 0 0
SEP
MEM comp06 1608322338 2020/12/18 15:12:18 1 4096 65614610 253272 47181498 27 346911 15426510 214904 0 6086 0 0 2097152 0 0
SEP
MEM comp06 1608322339 2020/12/18 15:12:19 1 4096 65614610 229834 47204843 27 347069 15422714 215096 0 6086 0 0 2097152 0 0
SEP
MEM comp06 1608322340 2020/12/18 15:12:20 1 4096 65614610 327396 47107088 27 347179 15417899 215384 0 6086 0 0 2097152 0 0
SEP
MEM comp06 1608322341 2020/12/18 15:12:21 1 4096 65614610 286165 47147752 27 347615 15415708 215616 0 6086 0 0 2097152 0 0
SEP
MEM comp06 1608322342 2020/12/18 15:12:22 1 4096 65614610 298653 47135114 27 347853 15419515 215872 0 6086 0 0 2097152 0 0
SEP
MEM comp06 1608322343 2020/12/18 15:12:23 1 4096 65614610 311229 47122199 27 348067 15419582 216128 0 6086 0 0 2097152 0 0
SEP
MEM comp06 1608322344 2020/12/18 15:12:24 1 4096 65614610 326187 47107429 27 348275 15418582 216328 0 6086 0 0 2097152 0 0
SEP
MEM comp06 1608322345 2020/12/18 15:12:25 1 4096 65614610 231290 47201847 27 348533 15413665 216600 0 6086 0 0 2097152 0 0
SEP
MEM comp06 1608322346 2020/12/18 15:12:26 1 4096 65614610 234096 47198995 27 348829 15395197 216840 0 6086 0 0 2097152 0 0
SEP
MEM comp06 1608322347 2020/12/18 15:12:27 1 4096 65614610 245357 47187092 27 349111 15382883 217104 0 6086 0 0 2097152 0 0
SEP
MEM comp06 1608322348 2020/12/18 15:12:28 1 4096 65614610 257232 47175174 27 349199 15367247 217328 0 6086 0 0 2097152 0 0
SEP
MEM comp06 1608322349 2020/12/18 15:12:29 1 4096 65614610 266248 47166003 27 349533 15352156 217576 0 6086 0 0 2097152 0 0
SEP
MEM comp06 1608322350 2020/12/18 15:12:30 1 4096 65614610 273964 47157801 27 349879 15337575 217856 0 6086 0 0 2097152 0 0
SEP
MEM comp06 1608322351 2020/12/18 15:12:31 1 4096 65614610 280419 47151331 27 349931 15330879 218088 0 6086 0 0 2097152 0 0
SEP
MEM comp06 1608322352 2020/12/18 15:12:32 1 4096 65614610 878935 47286170 27 350299 15339168 218424 0 6086 0 0 2097152 0 0
SEP
MEM comp06 1608322353 2020/12/18 15:12:33 1 4096 65614610 743520 47421660 27 350599 15358636 218728 0 6086 0 0 2097152 0 0
SEP
MEM comp06 1608322354 2020/12/18 15:12:34 1 4096 65614610 609184 47555846 27 350857 15367939 219016 0 6086 0 0 2097152 0 0
SEP
MEM comp06 1608322355 2020/12/18 15:12:35 1 4096 65614610 476643 47687956 27 351251 15380698 219328 0 6086 0 0 2097152 0 0
SEP
MEM comp06 1608322356 2020/12/18 15:12:36 1 4096 65614610 346649 47817408 27 351561 15389912 219624 0 6086 0 0 2097152 0 0
SEP
MEM comp06 1608322357 2020/12/18 15:12:37 1 4096 65614610 935964 47961978 27 351879 15407840 219936 0 6086 0 0 2097152 0 0
SEP
MEM comp06 1608322358 2020/12/18 15:12:38 1 4096 65614610 1518634 48112758 27 352159 15452336 220256 0 6086 0 0 2097152 0 0
SEP
MEM comp06 1608322359 2020/12/18 15:12:39 1 4096 65614610 2080552 48284102 27 352531 15532406 220688 0 6086 0 0 2097152 0 0
SEP
MEM comp06 1608322360 2020/12/18 15:12:40 1 4096 65614610 2624777 48473149 27 352959 15595015 221112 0 6086 0 0 2097152 0 0
SEP
MEM comp06 1608322361 2020/12/18 15:12:41 1 4096 65614610 3166838 48664886 27 353383 15679570 221544 0 6086 0 0 2097152 0 0
SEP
MEM comp06 1608322362 2020/12/18 15:12:42 1 4096 65614610 2962745 48868366 27 353923 15790940 222008 0 6086 0 0 2097152 0 0
SEP
MEM comp06 1608322363 2020/12/18 15:12:43 1 4096 65614610 2770095 49060746 27 354291 15891096 222448 0 6086 0 0 2097152 0 0
SEP
MEM comp06 1608322364 2020/12/18 15:12:44 1 4096 65614610 3194960 49243837 27 354607 15990897 222696 0 6086 0 0 2097152 0 0
SEP
MEM comp06 1608322365 2020/12/18 15:12:45 1 4096 65614610 3846304 49451581 27 355109 16098863 223272 0 6086 0 0 2097152 0 0
SEP
MEM comp06 1608322366 2020/12/18 15:12:46 1 4096 65614610 3641909 49656293 27 355629 16183771 223704 0 6086 0 0 2097152 0 0
SEP
MEM comp06 1608322367 2020/12/18 15:12:47 1 4096 65614610 6891463 49880832 27 356117 16299830 224296 0 6086 0 0 2097152 0 0
SEP
MEM comp06 1608322368 2020/12/18 15:12:48 1 4096 65614610 7533321 50166136 27 356639 16470030 224816 0 6086 0 0 2097152 0 0
SEP
MEM comp06 1608322369 2020/12/18 15:12:49 1 4096 65614610 7962032 50471055 27 357465 16691887 225632 0 6086 0 0 2097152 0 0
SEP
MEM comp06 1608322370 2020/12/18 15:12:50 1 4096 65614610 7660860 50771269 27 358235 16870999 226344 0 6086 0 0 2097152 0 0
SEP
MEM comp06 1608322371 2020/12/18 15:12:51 1 4096 65614610 7360218 51071061 27 358997 17049046 227016 0 6086 0 0 2097152 0 0
SEP
MEM comp06 1608322372 2020/12/18 15:12:52 1 4096 65614610 7075994 51355112 27 359601 17229246 227648 0 6086 0 0 2097152 0 0
SEP
MEM comp06 1608322373 2020/12/18 15:12:53 1 4096 65614610 6813055 51617263 27 360181 17377453 228248 0 6086 0 0 2097152 0 0
SEP
MEM comp06 1608322374 2020/12/18 15:12:54 1 4096 65614610 6561607 51868371 27 360665 17503631 228816 0 6086 0 0 2097152 0 0
SEP
MEM comp06 1608322375 2020/12/18 15:12:55 1 4096 65614610 7791578 52105622 27 361189 17638042 229360 0 6086 0 0 2097152 0 0
SEP
MEM comp06 1608322376 2020/12/18 15:12:56 1 4096 65614610 8286573 52343153 27 361725 17753668 229888 0 6086 0 0 2097152 0 0
SEP
MEM comp06 1608322377 2020/12/18 15:12:57 1 4096 65614610 8033545 52596481 27 362305 17903102 230456 0 6086 0 0 2097152 0 0
SEP
MEM comp06 1608322378 2020/12/18 15:12:58 1 4096 65614610 7778715 52850742 27 362863 18046904 231040 0 6086 0 0 2097152 0 0
SEP
MEM comp06 1608322379 2020/12/18 15:12:59 1 4096 65614610 7530088 53098918 27 363219 18167784 231344 0 6086 0 0 2097152 0 0
SEP
MEM comp06 1608322380 2020/12/18 15:13:00 1 4096 65614610 8028696 53333703 27 363999 18286316 232064 0 6086 0 0 2097152 0 0
SEP
MEM comp06 1608322381 2020/12/18 15:13:01 1 4096 65614610 10046928 53516546 27 364503 18350526 232552 0 6086 0 0 2097152 0 0
SEP
