RESET
MEM comp06 1608320520 2020/12/18 14:42:00 1486156 4096 65614610 65196567 24473 27 180417 0 55196 0 6055 0 0 2097152 0 0
SEP
MEM comp06 1608320521 2020/12/18 14:42:01 1 4096 65614610 64945199 149607 27 181734 1 56420 0 6055 0 0 2097152 0 0
SEP
MEM comp06 1608320522 2020/12/18 14:42:02 1 4096 65614610 64694643 273511 27 182038 1 56702 0 6055 0 0 2097152 0 0
SEP
MEM comp06 1608320523 2020/12/18 14:42:03 1 4096 65614610 64444106 398627 27 182359 1 57008 0 6055 0 0 2097152 0 0
SEP
MEM comp06 1608320524 2020/12/18 14:42:04 1 4096 65614610 64195204 523367 27 182680 1 57288 0 6055 0 0 2097152 0 0
SEP
MEM comp06 1608320525 2020/12/18 14:42:05 1 4096 65614610 63944277 648295 27 182984 1 57592 0 6055 0 0 2097152 0 0
SEP
MEM comp06 1608320526 2020/12/18 14:42:06 1 4096 65614610 63727667 756076 27 183285 1 57850 0 6055 0 0 2097152 0 0
SEP
MEM comp06 1608320527 2020/12/18 14:42:07 1 4096 65614610 63727676 756076 27 183269 1 57850 0 6055 0 0 2097152 0 0
SEP
MEM comp06 1608320528 2020/12/18 14:42:08 1 4096 65614610 63727681 756076 27 183271 1 57850 0 6055 0 0 2097152 0 0
SEP
MEM comp06 1608320529 2020/12/18 14:42:09 1 4096 65614610 63727685 756076 27 183267 1 57850 0 6055 0 0 2097152 0 0
SEP
MEM comp06 1608320530 2020/12/18 14:42:10 1 4096 65614610 63727669 756076 27 183283 1 57850 0 6055 0 0 2097152 0 0
SEP
MEM comp06 1608320531 2020/12/18 14:42:11 1 4096 65614610 63134045 1348336 27 184537 592261 59122 0 6055 0 0 2097152 0 0
SEP
MEM comp06 1608320532 2020/12/18 14:42:12 1 4096 65614610 63065093 1488498 27 184941 732423 59514 0 6055 0 0 2097152 0 0
SEP
MEM comp06 1608320533 2020/12/18 14:42:13 1 4096 65614610 62993512 1488498 27 184941 732423 59514 0 6055 0 0 2097152 0 0
SEP
MEM comp06 1608320534 2020/12/18 14:42:14 1 4096 65614610 62993515 1488498 27 184947 732423 59514 0 6055 0 0 2097152 0 0
SEP
MEM comp06 1608320535 2020/12/18 14:42:15 1 4096 65614610 62993517 1488498 27 184945 732423 59514 0 6055 0 0 2097152 0 0
SEP
MEM comp06 1608320536 2020/12/18 14:42:16 1 4096 65614610 62993531 1488498 27 184931 732423 59514 0 6055 0 0 2097152 0 0
SEP
MEM comp06 1608320537 2020/12/18 14:42:17 1 4096 65614610 62555945 1925034 27 185825 1169013 60410 0 6055 0 0 2097152 0 0
SEP
MEM comp06 1608320538 2020/12/18 14:42:18 1 4096 65614610 62493563 2220920 27 186597 1464845 61170 0 6055 0 0 2097152 0 0
SEP
MEM comp06 1608320539 2020/12/18 14:42:19 1 4096 65614610 62259465 2220920 27 186597 1464845 61170 0 6055 0 0 2097152 0 0
SEP
MEM comp06 1608320540 2020/12/18 14:42:20 1 4096 65614610 62259463 2220920 27 186599 1464845 61170 0 6055 0 0 2097152 0 0
SEP
MEM comp06 1608320541 2020/12/18 14:42:21 1 4096 65614610 62259487 2220920 27 186589 1443425 61170 0 6055 0 0 2097152 0 0
SEP
MEM comp06 1608320542 2020/12/18 14:42:22 1 4096 65614610 62259467 2220920 27 186597 1337869 61170 0 6055 0 0 2097152 0 0
SEP
MEM comp06 1608320543 2020/12/18 14:42:23 1 4096 65614610 61971117 2508560 27 187231 1625527 61810 0 6055 0 0 2097152 0 0
SEP
