RESET
MEM comp06 1608323846 2020/12/18 15:37:26 1489482 4096 65614610 65176063 27114 27 193485 69 61643 0 6088 0 0 2097152 0 0
SEP
MEM comp06 1608323847 2020/12/18 15:37:27 1 4096 65614610 64879029 184193 27 194635 71 62773 0 6088 0 0 2097152 0 0
SEP
MEM comp06 1608323848 2020/12/18 15:37:28 1 4096 65614610 64609720 321403 27 194839 71 62967 0 6088 0 0 2097152 0 0
SEP
MEM comp06 1608323849 2020/12/18 15:37:29 1 4096 65614610 64332546 458553 27 195021 69 63151 0 6088 0 0 2097152 0 0
SEP
MEM comp06 1608323850 2020/12/18 15:37:30 1 4096 65614610 64051486 597889 27 195181 70 63375 0 6088 0 0 2097152 0 0
SEP
MEM comp06 1608323851 2020/12/18 15:37:31 1 4096 65614610 63781693 734588 27 195441 70 63631 0 6088 0 0 2097152 0 0
SEP
MEM comp06 1608323852 2020/12/18 15:37:32 1 4096 65614610 63501592 872830 27 195709 70 63887 0 6088 0 0 2097152 0 0
SEP
MEM comp06 1608323853 2020/12/18 15:37:33 1 4096 65614610 63227194 1009991 27 195949 70 64135 0 6088 0 0 2097152 0 0
SEP
MEM comp06 1608323854 2020/12/18 15:37:34 1 4096 65614610 62950614 1147262 27 196307 69 64463 0 6088 0 0 2097152 0 0
SEP
MEM comp06 1608323855 2020/12/18 15:37:35 1 4096 65614610 62673076 1285044 27 196607 70 64775 0 6088 0 0 2097152 0 0
SEP
MEM comp06 1608323856 2020/12/18 15:37:36 1 4096 65614610 62400759 1423280 27 196899 70 65087 0 6088 0 0 2097152 0 0
SEP
MEM comp06 1608323857 2020/12/18 15:37:37 1 4096 65614610 62125126 1560837 27 197203 70 65383 0 6088 0 0 2097152 0 0
SEP
MEM comp06 1608323858 2020/12/18 15:37:38 1 4096 65614610 61849137 1697033 27 197503 70 65687 0 6088 0 0 2097152 0 0
SEP
MEM comp06 1608323859 2020/12/18 15:37:39 1 4096 65614610 61567447 1836301 27 197813 69 65999 0 6088 0 0 2097152 0 0
SEP
MEM comp06 1608323860 2020/12/18 15:37:40 1 4096 65614610 61295064 1975645 27 198117 70 66319 0 6088 0 0 2097152 0 0
SEP
MEM comp06 1608323861 2020/12/18 15:37:41 1 4096 65614610 61018577 2111870 27 198407 70 66591 0 6088 0 0 2097152 0 0
SEP
MEM comp06 1608323862 2020/12/18 15:37:42 1 4096 65614610 60747677 2248525 27 198657 70 66839 0 6088 0 0 2097152 0 0
SEP
MEM comp06 1608323863 2020/12/18 15:37:43 1 4096 65614610 60467045 2387326 27 198999 70 67175 0 6088 0 0 2097152 0 0
SEP
MEM comp06 1608323864 2020/12/18 15:37:44 1 4096 65614610 60193104 2523565 27 199273 70 67439 0 6088 0 0 2097152 0 0
SEP
MEM comp06 1608323865 2020/12/18 15:37:45 1 4096 65614610 59915006 2663260 27 199593 70 67767 0 6088 0 0 2097152 0 0
SEP
MEM comp06 1608323866 2020/12/18 15:37:46 1 4096 65614610 59634848 2802048 27 199929 70 68087 0 6088 0 0 2097152 0 0
SEP
MEM comp06 1608323867 2020/12/18 15:37:47 1 4096 65614610 59357286 2938755 27 200237 70 68407 0 6088 0 0 2097152 0 0
SEP
MEM comp06 1608323868 2020/12/18 15:37:48 1 4096 65614610 59085395 3076478 27 200521 70 68695 0 6088 0 0 2097152 0 0
SEP
MEM comp06 1608323869 2020/12/18 15:37:49 1 4096 65614610 58810418 3213099 27 200839 70 69007 0 6088 0 0 2097152 0 0
SEP
MEM comp06 1608323870 2020/12/18 15:37:50 1 4096 65614610 58535945 3350846 27 201121 71 69311 0 6088 0 0 2097152 0 0
SEP
MEM comp06 1608323871 2020/12/18 15:37:51 1 4096 65614610 58261977 3487102 27 201417 71 69599 0 6088 0 0 2097152 0 0
SEP
MEM comp06 1608323872 2020/12/18 15:37:52 1 4096 65614610 57980839 3627448 27 201719 71 69903 0 6088 0 0 2097152 0 0
SEP
MEM comp06 1608323873 2020/12/18 15:37:53 1 4096 65614610 57704268 3765181 27 202075 71 70239 0 6088 0 0 2097152 0 0
SEP
MEM comp06 1608323874 2020/12/18 15:37:54 1 4096 65614610 57431832 3901736 27 202377 71 70527 0 6088 0 0 2097152 0 0
SEP
MEM comp06 1608323875 2020/12/18 15:37:55 1 4096 65614610 57158361 4039432 27 202689 23 70863 0 6088 0 0 2097152 0 0
SEP
MEM comp06 1608323876 2020/12/18 15:37:56 1 4096 65614610 56879741 4177278 27 202999 23 71175 0 6088 0 0 2097152 0 0
SEP
MEM comp06 1608323877 2020/12/18 15:37:57 1 4096 65614610 56602128 4316540 27 203337 23 71495 0 6088 0 0 2097152 0 0
SEP
MEM comp06 1608323878 2020/12/18 15:37:58 1 4096 65614610 56327183 4452642 27 203601 23 71775 0 6088 0 0 2097152 0 0
SEP
MEM comp06 1608323879 2020/12/18 15:37:59 1 4096 65614610 56053669 4590460 27 203941 23 72119 0 6088 0 0 2097152 0 0
SEP
MEM comp06 1608323880 2020/12/18 15:38:00 1 4096 65614610 55774084 4729250 27 204223 23 72399 0 6088 0 0 2097152 0 0
SEP
MEM comp06 1608323881 2020/12/18 15:38:01 1 4096 65614610 55493392 4867971 27 204591 22 72751 0 6088 0 0 2097152 0 0
SEP
MEM comp06 1608323882 2020/12/18 15:38:02 1 4096 65614610 55218393 5004676 27 204887 22 73055 0 6088 0 0 2097152 0 0
SEP
MEM comp06 1608323883 2020/12/18 15:38:03 1 4096 65614610 54942895 5142826 27 205167 22 73343 0 6088 0 0 2097152 0 0
SEP
MEM comp06 1608323884 2020/12/18 15:38:04 1 4096 65614610 54671455 5279615 27 205501 22 73671 0 6088 0 0 2097152 0 0
SEP
MEM comp06 1608323885 2020/12/18 15:38:05 1 4096 65614610 54392413 5417840 27 205759 22 73943 0 6088 0 0 2097152 0 0
SEP
MEM comp06 1608323886 2020/12/18 15:38:06 1 4096 65614610 54115285 5554938 27 206129 22 74295 0 6088 0 0 2097152 0 0
SEP
MEM comp06 1608323887 2020/12/18 15:38:07 1 4096 65614610 53841808 5692800 27 206437 22 74607 0 6088 0 0 2097152 0 0
SEP
MEM comp06 1608323888 2020/12/18 15:38:08 1 4096 65614610 53558638 5831097 27 206741 22 74927 0 6088 0 0 2097152 0 0
SEP
MEM comp06 1608323889 2020/12/18 15:38:09 1 4096 65614610 53293389 5969241 27 207025 22 75199 0 6088 0 0 2097152 0 0
SEP
MEM comp06 1608323890 2020/12/18 15:38:10 1 4096 65614610 53016242 6104959 27 207389 1 75551 0 6088 0 0 2097152 0 0
SEP
MEM comp06 1608323891 2020/12/18 15:38:11 1 4096 65614610 52742774 6243089 27 207667 2 75831 0 6088 0 0 2097152 0 0
SEP
MEM comp06 1608323892 2020/12/18 15:38:12 1 4096 65614610 52463181 6380926 27 207967 2 76167 0 6088 0 0 2097152 0 0
SEP
MEM comp06 1608323893 2020/12/18 15:38:13 1 4096 65614610 52184074 6518686 27 208273 2 76463 0 6088 0 0 2097152 0 0
SEP
MEM comp06 1608323894 2020/12/18 15:38:14 1 4096 65614610 51911857 6656471 27 208601 2 76767 0 6088 0 0 2097152 0 0
SEP
MEM comp06 1608323895 2020/12/18 15:38:15 1 4096 65614610 51634593 6794100 27 208861 2 77055 0 6088 0 0 2097152 0 0
SEP
MEM comp06 1608323896 2020/12/18 15:38:16 1 4096 65614610 51353930 6933890 27 209203 1 77399 0 6088 0 0 2097152 0 0
SEP
MEM comp06 1608323897 2020/12/18 15:38:17 1 4096 65614610 51076863 7072575 27 209521 2 77695 0 6088 0 0 2097152 0 0
SEP
MEM comp06 1608323898 2020/12/18 15:38:18 1 4096 65614610 50802826 7208833 27 209849 1 78023 0 6088 0 0 2097152 0 0
SEP
MEM comp06 1608323899 2020/12/18 15:38:19 1 4096 65614610 50530394 7344362 27 210145 1 78303 0 6088 0 0 2097152 0 0
SEP
MEM comp06 1608323900 2020/12/18 15:38:20 1 4096 65614610 50250925 7483776 27 210453 1 78647 0 6088 0 0 2097152 0 0
SEP
MEM comp06 1608323901 2020/12/18 15:38:21 1 4096 65614610 49977321 7621512 27 210739 2 78919 0 6088 0 0 2097152 0 0
SEP
MEM comp06 1608323902 2020/12/18 15:38:22 1 4096 65614610 49699221 7759115 27 211095 2 79247 0 6088 0 0 2097152 0 0
SEP
MEM comp06 1608323903 2020/12/18 15:38:23 1 4096 65614610 49425250 7895988 27 211395 2 79567 0 6088 0 0 2097152 0 0
SEP
MEM comp06 1608323904 2020/12/18 15:38:24 1 4096 65614610 49149701 8034686 27 211715 2 79887 0 6088 0 0 2097152 0 0
SEP
MEM comp06 1608323905 2020/12/18 15:38:25 1 4096 65614610 48873178 8171955 27 212015 2 80183 0 6088 0 0 2097152 0 0
SEP
MEM comp06 1608323906 2020/12/18 15:38:26 1 4096 65614610 48597227 8310176 27 212285 2 80455 0 6088 0 0 2097152 0 0
SEP
MEM comp06 1608323907 2020/12/18 15:38:27 1 4096 65614610 48322696 8446175 27 212639 2 80799 0 6088 0 0 2097152 0 0
SEP
MEM comp06 1608323908 2020/12/18 15:38:28 1 4096 65614610 48046257 8584574 27 212955 2 81119 0 6088 0 0 2097152 0 0
SEP
MEM comp06 1608323909 2020/12/18 15:38:29 1 4096 65614610 47770568 8722816 27 213277 2 81439 0 6088 0 0 2097152 0 0
SEP
MEM comp06 1608323910 2020/12/18 15:38:30 1 4096 65614610 47497099 8858812 27 213543 2 81703 0 6088 0 0 2097152 0 0
SEP
MEM comp06 1608323911 2020/12/18 15:38:31 1 4096 65614610 47215410 8999212 27 213935 2 82079 0 6088 0 0 2097152 0 0
SEP
MEM comp06 1608323912 2020/12/18 15:38:32 1 4096 65614610 46941457 9138065 27 214223 2 82383 0 6088 0 0 2097152 0 0
SEP
MEM comp06 1608323913 2020/12/18 15:38:33 1 4096 65614610 46664424 9274398 27 214513 2 82679 0 6088 0 0 2097152 0 0
SEP
MEM comp06 1608323914 2020/12/18 15:38:34 1 4096 65614610 46390408 9410434 27 214835 3 82991 0 6088 0 0 2097152 0 0
SEP
MEM comp06 1608323915 2020/12/18 15:38:35 1 4096 65614610 46111820 9549152 27 215145 3 83295 0 6088 0 0 2097152 0 0
SEP
MEM comp06 1608323916 2020/12/18 15:38:36 1 4096 65614610 45835255 9688387 27 215497 3 83639 0 6088 0 0 2097152 0 0
SEP
MEM comp06 1608323917 2020/12/18 15:38:37 1 4096 65614610 45558705 9825665 27 215801 2 83967 0 6088 0 0 2097152 0 0
SEP
MEM comp06 1608323918 2020/12/18 15:38:38 1 4096 65614610 45281159 9964301 27 216101 2 84247 0 6088 0 0 2097152 0 0
SEP
MEM comp06 1608323919 2020/12/18 15:38:39 1 4096 65614610 45009697 10101119 27 216427 1 84575 0 6088 0 0 2097152 0 0
SEP
MEM comp06 1608323920 2020/12/18 15:38:40 1 4096 65614610 44732165 10239410 27 216719 1 84863 0 6088 0 0 2097152 0 0
SEP
MEM comp06 1608323921 2020/12/18 15:38:41 1 4096 65614610 44457118 10375553 27 217049 1 85191 0 6088 0 0 2097152 0 0
SEP
MEM comp06 1608323922 2020/12/18 15:38:42 1 4096 65614610 44175030 10513850 27 217317 1 85479 0 6088 0 0 2097152 0 0
SEP
MEM comp06 1608323923 2020/12/18 15:38:43 1 4096 65614610 43905604 10652031 27 217645 1 85799 0 6088 0 0 2097152 0 0
SEP
MEM comp06 1608323924 2020/12/18 15:38:44 1 4096 65614610 43626472 10790273 27 217975 1 86119 0 6088 0 0 2097152 0 0
SEP
MEM comp06 1608323925 2020/12/18 15:38:45 1 4096 65614610 43351986 10926978 27 218277 1 86423 0 6088 0 0 2097152 0 0
SEP
MEM comp06 1608323926 2020/12/18 15:38:46 1 4096 65614610 43075420 11065044 27 218587 1 86735 0 6088 0 0 2097152 0 0
SEP
MEM comp06 1608323927 2020/12/18 15:38:47 1 4096 65614610 42799756 11201585 27 218919 1 87063 0 6088 0 0 2097152 0 0
SEP
MEM comp06 1608323928 2020/12/18 15:38:48 1 4096 65614610 42522884 11338998 27 219229 1 87367 0 6088 0 0 2097152 0 0
SEP
MEM comp06 1608323929 2020/12/18 15:38:49 1 4096 65614610 42247062 11476340 27 219563 1 87671 0 6088 0 0 2097152 0 0
SEP
MEM comp06 1608323930 2020/12/18 15:38:50 1 4096 65614610 41984656 11601061 27 219829 1 87943 0 6088 0 0 2097152 0 0
SEP
MEM comp06 1608323931 2020/12/18 15:38:51 1 4096 65614610 41125711 12327610 27 221253 598879 89367 0 6088 0 0 2097152 0 0
SEP
MEM comp06 1608323932 2020/12/18 15:38:52 1 4096 65614610 41136875 12478674 27 221739 732423 89879 0 6088 0 0 2097152 0 0
SEP
MEM comp06 1608323933 2020/12/18 15:38:53 1 4096 65614610 40716670 12716524 27 222227 970163 90367 0 6088 0 0 2097152 0 0
SEP
MEM comp06 1608323934 2020/12/18 15:38:54 1 4096 65614610 40262049 13894412 27 224803 2148227 92943 0 6088 0 0 2097152 0 0
SEP
MEM comp06 1608323935 2020/12/18 15:38:55 1 4096 65614610 37856659 15748207 27 228783 4001782 96927 0 6088 0 0 2097152 0 0
SEP
MEM comp06 1608323936 2020/12/18 15:38:56 1 4096 65614610 34855001 20253994 27 239215 8432959 107231 0 6088 0 0 2097152 0 0
SEP
MEM comp06 1608323937 2020/12/18 15:38:57 1 4096 65614610 33228476 22776600 27 245099 10846646 113127 0 6088 0 0 2097152 0 0
SEP
MEM comp06 1608323938 2020/12/18 15:38:58 1 4096 65614610 30470622 23798892 27 247437 11768026 115351 0 6088 0 0 2097152 0 0
SEP
MEM comp06 1608323939 2020/12/18 15:38:59 1 4096 65614610 29681555 24197426 27 248435 12059012 116375 0 6088 0 0 2097152 0 0
SEP
MEM comp06 1608323940 2020/12/18 15:39:00 1 4096 65614610 29208674 24197426 27 248233 11934608 116375 0 6088 0 0 2097152 0 0
SEP
MEM comp06 1608323941 2020/12/18 15:39:01 1 4096 65614610 28430741 24973866 27 250121 12587615 118039 0 6088 0 0 2097152 0 0
SEP
MEM comp06 1608323942 2020/12/18 15:39:02 1 4096 65614610 28222432 25991648 27 252163 13495266 120199 0 6088 0 0 2097152 0 0
SEP
MEM comp06 1608323943 2020/12/18 15:39:03 1 4096 65614610 25304077 28759533 27 258289 16145999 126351 0 6088 0 0 2097152 0 0
SEP
MEM comp06 1608323944 2020/12/18 15:39:04 1 4096 65614610 22629083 31073086 27 263715 18358232 131847 0 6088 0 0 2097152 0 0
SEP
MEM comp06 1608323945 2020/12/18 15:39:05 1 4096 65614610 21523227 31866660 27 265449 19041456 133591 0 6088 0 0 2097152 0 0
SEP
MEM comp06 1608323946 2020/12/18 15:39:06 1 4096 65614610 21373703 32123717 27 266143 19187589 134263 0 6088 0 0 2097152 0 0
SEP
MEM comp06 1608323947 2020/12/18 15:39:07 1 4096 65614610 21157111 32231408 27 266379 19192915 134511 0 6088 0 0 2097152 0 0
SEP
MEM comp06 1608323948 2020/12/18 15:39:08 1 4096 65614610 21181449 32309775 27 266649 19164552 134631 0 6088 0 0 2097152 0 0
SEP
MEM comp06 1608323949 2020/12/18 15:39:09 1 4096 65614610 21016622 32371755 27 266799 19114289 134799 0 6088 0 0 2097152 0 0
SEP
MEM comp06 1608323950 2020/12/18 15:39:10 1 4096 65614610 20954618 32433267 27 266965 19069163 134975 0 6088 0 0 2097152 0 0
SEP
MEM comp06 1608323951 2020/12/18 15:39:11 1 4096 65614610 20905699 32482317 27 267021 19011879 135063 0 6088 0 0 2097152 0 0
SEP
MEM comp06 1608323952 2020/12/18 15:39:12 1 4096 65614610 20854727 32533552 27 267181 18948075 135175 0 6088 0 0 2097152 0 0
SEP
MEM comp06 1608323953 2020/12/18 15:39:13 1 4096 65614610 20808922 32578921 27 267213 18871856 135295 0 6088 0 0 2097152 0 0
SEP
MEM comp06 1608323954 2020/12/18 15:39:14 1 4096 65614610 20761873 32626142 27 267419 18798367 135407 0 6088 0 0 2097152 0 0
SEP
MEM comp06 1608323955 2020/12/18 15:39:15 1 4096 65614610 20715714 32672091 27 267379 18726798 135503 0 6088 0 0 2097152 0 0
SEP
MEM comp06 1608323956 2020/12/18 15:39:16 1 4096 65614610 20675018 32712496 27 267581 18655693 135583 0 6088 0 0 2097152 0 0
SEP
MEM comp06 1608323957 2020/12/18 15:39:17 1 4096 65614610 20630604 32757303 27 267597 18586202 135703 0 6088 0 0 2097152 0 0
SEP
MEM comp06 1608323958 2020/12/18 15:39:18 1 4096 65614610 20589725 32797895 27 267681 18514076 135783 0 6088 0 0 2097152 0 0
SEP
MEM comp06 1608323959 2020/12/18 15:39:19 1 4096 65614610 20546126 32841186 27 267879 18452013 135871 0 6088 0 0 2097152 0 0
SEP
MEM comp06 1608323960 2020/12/18 15:39:20 1 4096 65614610 20505609 32881618 27 268001 18380805 135975 0 6088 0 0 2097152 0 0
SEP
MEM comp06 1608323961 2020/12/18 15:39:21 1 4096 65614610 20462987 32924605 27 267915 18303270 136031 0 6088 0 0 2097152 0 0
SEP
MEM comp06 1608323962 2020/12/18 15:39:22 1 4096 65614610 20422974 32964198 27 268057 18220197 136167 0 6088 0 0 2097152 0 0
SEP
MEM comp06 1608323963 2020/12/18 15:39:23 1 4096 65614610 20379771 33007771 27 268181 18138664 136231 0 6088 0 0 2097152 0 0
SEP
MEM comp06 1608323964 2020/12/18 15:39:24 1 4096 65614610 20340837 33046118 27 268281 18071979 136359 0 6088 0 0 2097152 0 0
SEP
MEM comp06 1608323965 2020/12/18 15:39:25 1 4096 65614610 20297806 33089060 27 268383 18003631 136455 0 6088 0 0 2097152 0 0
SEP
MEM comp06 1608323966 2020/12/18 15:39:26 1 4096 65614610 20257272 33129693 27 268507 17931486 136479 0 6088 0 0 2097152 0 0
SEP
MEM comp06 1608323967 2020/12/18 15:39:27 1 4096 65614610 20206781 33180645 27 268557 17873716 136639 0 6088 0 0 2097152 0 0
SEP
MEM comp06 1608323968 2020/12/18 15:39:28 1 4096 65614610 20741535 33238075 27 268671 17818400 136759 0 6088 0 0 2097152 0 0
SEP
MEM comp06 1608323969 2020/12/18 15:39:29 1 4096 65614610 20075123 33312136 27 268833 17782957 136951 0 6088 0 0 2097152 0 0
SEP
MEM comp06 1608323970 2020/12/18 15:39:30 1 4096 65614610 20002667 33383796 27 269101 17753263 137103 0 6088 0 0 2097152 0 0
SEP
MEM comp06 1608323971 2020/12/18 15:39:31 1 4096 65614610 19930745 33455341 27 269241 17726317 137207 0 6088 0 0 2097152 0 0
SEP
MEM comp06 1608323972 2020/12/18 15:39:32 1 4096 65614610 19859596 33526880 27 269321 17702229 137431 0 6088 0 0 2097152 0 0
SEP
MEM comp06 1608323973 2020/12/18 15:39:33 1 4096 65614610 19784409 33601934 27 269525 17672163 137591 0 6088 0 0 2097152 0 0
SEP
MEM comp06 1608323974 2020/12/18 15:39:34 1 4096 65614610 19705620 33680663 27 269687 17626838 137759 0 6088 0 0 2097152 0 0
SEP
MEM comp06 1608323975 2020/12/18 15:39:35 1 4096 65614610 19619982 33766009 27 269963 17589948 137967 0 6088 0 0 2097152 0 0
SEP
MEM comp06 1608323976 2020/12/18 15:39:36 1 4096 65614610 19533296 33852110 27 270129 17571460 138167 0 6088 0 0 2097152 0 0
SEP
MEM comp06 1608323977 2020/12/18 15:39:37 1 4096 65614610 19446918 33938066 27 270277 17549599 138327 0 6088 0 0 2097152 0 0
SEP
MEM comp06 1608323978 2020/12/18 15:39:38 1 4096 65614610 19357911 34027074 27 270499 17527051 138543 0 6088 0 0 2097152 0 0
SEP
MEM comp06 1608323979 2020/12/18 15:39:39 1 4096 65614610 19267043 34117678 27 270697 17509497 138759 0 6088 0 0 2097152 0 0
SEP
MEM comp06 1608323980 2020/12/18 15:39:40 1 4096 65614610 19594632 34216756 27 270927 17495417 138991 0 6088 0 0 2097152 0 0
SEP
MEM comp06 1608323981 2020/12/18 15:39:41 1 4096 65614610 19065214 34319024 27 271197 17473251 139223 0 6088 0 0 2097152 0 0
SEP
MEM comp06 1608323982 2020/12/18 15:39:42 1 4096 65614610 18964913 34419102 27 271467 17453569 139439 0 6088 0 0 2097152 0 0
SEP
MEM comp06 1608323983 2020/12/18 15:39:43 1 4096 65614610 18863377 34520310 27 271705 17437572 139671 0 6088 0 0 2097152 0 0
SEP
MEM comp06 1608323984 2020/12/18 15:39:44 1 4096 65614610 18761639 34621954 27 271819 17416286 139903 0 6088 0 0 2097152 0 0
SEP
MEM comp06 1608323985 2020/12/18 15:39:45 1 4096 65614610 18658062 34724939 27 272067 17402395 140135 0 6088 0 0 2097152 0 0
SEP
MEM comp06 1608323986 2020/12/18 15:39:46 1 4096 65614610 18548627 34834557 27 272289 17396477 140383 0 6088 0 0 2097152 0 0
SEP
MEM comp06 1608323987 2020/12/18 15:39:47 1 4096 65614610 18438506 34944393 27 272411 17388005 140503 0 6088 0 0 2097152 0 0
SEP
MEM comp06 1608323988 2020/12/18 15:39:48 1 4096 65614610 18329729 35053135 27 272761 17391069 140887 0 6088 0 0 2097152 0 0
SEP
MEM comp06 1608323989 2020/12/18 15:39:49 1 4096 65614610 18223701 35158765 27 273061 17389855 141127 0 6088 0 0 2097152 0 0
SEP
MEM comp06 1608323990 2020/12/18 15:39:50 1 4096 65614610 18117019 35265240 27 273273 17387786 141375 0 6088 0 0 2097152 0 0
SEP
MEM comp06 1608323991 2020/12/18 15:39:51 1 4096 65614610 18012707 35369578 27 273487 17390888 141599 0 6088 0 0 2097152 0 0
SEP
MEM comp06 1608323992 2020/12/18 15:39:52 1 4096 65614610 17908348 35474214 27 273613 17389414 141719 0 6088 0 0 2097152 0 0
SEP
MEM comp06 1608323993 2020/12/18 15:39:53 1 4096 65614610 17803560 35578433 27 274017 17386015 142055 0 6088 0 0 2097152 0 0
SEP
MEM comp06 1608323994 2020/12/18 15:39:54 1 4096 65614610 17700816 35681384 27 274219 17391318 142295 0 6088 0 0 2097152 0 0
SEP
MEM comp06 1608323995 2020/12/18 15:39:55 1 4096 65614610 17599367 35782527 27 274397 17389279 142519 0 6088 0 0 2097152 0 0
SEP
MEM comp06 1608323996 2020/12/18 15:39:56 1 4096 65614610 17497917 35883105 27 274661 17382543 142775 0 6088 0 0 2097152 0 0
SEP
MEM comp06 1608323997 2020/12/18 15:39:57 1 4096 65614610 17396039 35985263 27 274875 17379571 142959 0 6088 0 0 2097152 0 0
SEP
MEM comp06 1608323998 2020/12/18 15:39:58 1 4096 65614610 17293189 36088178 27 275055 17358264 143183 0 6088 0 0 2097152 0 0
SEP
MEM comp06 1608323999 2020/12/18 15:39:59 1 4096 65614610 17187506 36193595 27 275369 17339155 143439 0 6088 0 0 2097152 0 0
SEP
MEM comp06 1608324000 2020/12/18 15:40:00 1 4096 65614610 17080170 36300668 27 275565 17323108 143679 0 6088 0 0 2097152 0 0
SEP
MEM comp06 1608324001 2020/12/18 15:40:01 1 4096 65614610 16969530 36410593 27 275853 17307515 143951 0 6088 0 0 2097152 0 0
SEP
MEM comp06 1608324002 2020/12/18 15:40:02 1 4096 65614610 16856910 36522447 27 276145 17297412 144215 0 6088 0 0 2097152 0 0
SEP
MEM comp06 1608324003 2020/12/18 15:40:03 1 4096 65614610 16745698 36634188 27 276367 17292662 144431 0 6088 0 0 2097152 0 0
SEP
MEM comp06 1608324004 2020/12/18 15:40:04 1 4096 65614610 16633107 36746363 27 276655 17288721 144727 0 6088 0 0 2097152 0 0
SEP
MEM comp06 1608324005 2020/12/18 15:40:05 1 4096 65614610 16520234 36859199 27 276873 17288315 144951 0 6088 0 0 2097152 0 0
SEP
MEM comp06 1608324006 2020/12/18 15:40:06 1 4096 65614610 16407354 36971717 27 277147 17287197 145231 0 6088 0 0 2097152 0 0
SEP
MEM comp06 1608324007 2020/12/18 15:40:07 1 4096 65614610 16293947 37084507 27 277357 17286372 145487 0 6088 0 0 2097152 0 0
SEP
MEM comp06 1608324008 2020/12/18 15:40:08 1 4096 65614610 16180252 37198417 27 277541 17287789 145687 0 6088 0 0 2097152 0 0
SEP
MEM comp06 1608324009 2020/12/18 15:40:09 1 4096 65614610 16592352 37317355 27 277881 17298777 146007 0 6088 0 0 2097152 0 0
SEP
MEM comp06 1608324010 2020/12/18 15:40:10 1 4096 65614610 16031520 37446720 27 278167 17321506 146303 0 6088 0 0 2097152 0 0
SEP
MEM comp06 1608324011 2020/12/18 15:40:11 1 4096 65614610 15814816 37563035 27 278431 17331369 146551 0 6088 0 0 2097152 0 0
SEP
MEM comp06 1608324012 2020/12/18 15:40:12 1 4096 65614610 15702703 37674265 27 278851 17336915 146839 0 6088 0 0 2097152 0 0
SEP
MEM comp06 1608324013 2020/12/18 15:40:13 1 4096 65614610 15594583 37782605 27 279033 17337350 147031 0 6088 0 0 2097152 0 0
SEP
MEM comp06 1608324014 2020/12/18 15:40:14 1 4096 65614610 15488350 37888779 27 279311 17334766 147319 0 6088 0 0 2097152 0 0
SEP
MEM comp06 1608324015 2020/12/18 15:40:15 1 4096 65614610 15378334 37998545 27 279503 17344714 147551 0 6088 0 0 2097152 0 0
SEP
MEM comp06 1608324016 2020/12/18 15:40:16 1 4096 65614610 15263457 38112990 27 279713 17351935 147791 0 6088 0 0 2097152 0 0
SEP
MEM comp06 1608324017 2020/12/18 15:40:17 1 4096 65614610 15149733 38226532 27 279953 17341507 148031 0 6088 0 0 2097152 0 0
SEP
MEM comp06 1608324018 2020/12/18 15:40:18 1 4096 65614610 15036362 38339600 27 280233 17335993 148279 0 6088 0 0 2097152 0 0
SEP
MEM comp06 1608324019 2020/12/18 15:40:19 1 4096 65614610 14924874 38450790 27 280487 17342557 148503 0 6088 0 0 2097152 0 0
SEP
MEM comp06 1608324020 2020/12/18 15:40:20 1 4096 65614610 14814560 38561156 27 280771 17333287 148783 0 6088 0 0 2097152 0 0
SEP
MEM comp06 1608324021 2020/12/18 15:40:21 1 4096 65614610 14704711 38670384 27 280893 17333507 149007 0 6088 0 0 2097152 0 0
SEP
MEM comp06 1608324022 2020/12/18 15:40:22 1 4096 65614610 14595636 38779108 27 281249 17334126 149271 0 6088 0 0 2097152 0 0
SEP
MEM comp06 1608324023 2020/12/18 15:40:23 1 4096 65614610 14486218 38887966 27 281413 17323654 149527 0 6088 0 0 2097152 0 0
SEP
MEM comp06 1608324024 2020/12/18 15:40:24 1 4096 65614610 14376790 38997504 27 281639 17306855 149751 0 6088 0 0 2097152 0 0
SEP
MEM comp06 1608324025 2020/12/18 15:40:25 1 4096 65614610 14265146 39109640 27 281907 17297857 150007 0 6088 0 0 2097152 0 0
SEP
MEM comp06 1608324026 2020/12/18 15:40:26 1 4096 65614610 14684158 39227016 27 282189 17291249 150279 0 6088 0 0 2097152 0 0
SEP
MEM comp06 1608324027 2020/12/18 15:40:27 1 4096 65614610 14024507 39349412 27 282559 17286493 150543 0 6088 0 0 2097152 0 0
SEP
MEM comp06 1608324028 2020/12/18 15:40:28 1 4096 65614610 13905825 39467102 27 282707 17287902 150839 0 6088 0 0 2097152 0 0
SEP
MEM comp06 1608324029 2020/12/18 15:40:29 1 4096 65614610 13791755 39581743 27 283017 17313516 151071 0 6088 0 0 2097152 0 0
SEP
MEM comp06 1608324030 2020/12/18 15:40:30 1 4096 65614610 13863299 39693948 27 283273 17332707 151351 0 6088 0 0 2097152 0 0
SEP
MEM comp06 1608324031 2020/12/18 15:40:31 1 4096 65614610 13573799 39798868 27 283591 17340475 151583 0 6088 0 0 2097152 0 0
SEP
MEM comp06 1608324032 2020/12/18 15:40:32 1 4096 65614610 13467987 39903910 27 283753 17355479 151831 0 6088 0 0 2097152 0 0
SEP
MEM comp06 1608324033 2020/12/18 15:40:33 1 4096 65614610 13362788 40008868 27 284001 17352916 152063 0 6088 0 0 2097152 0 0
SEP
MEM comp06 1608324034 2020/12/18 15:40:34 1 4096 65614610 13259152 40113378 27 284243 17365579 152295 0 6088 0 0 2097152 0 0
SEP
MEM comp06 1608324035 2020/12/18 15:40:35 1 4096 65614610 13156417 40215501 27 284561 17372286 152519 0 6088 0 0 2097152 0 0
SEP
MEM comp06 1608324036 2020/12/18 15:40:36 1 4096 65614610 13052942 40319256 27 284695 17388141 152751 0 6088 0 0 2097152 0 0
SEP
MEM comp06 1608324037 2020/12/18 15:40:37 1 4096 65614610 12951668 40420277 27 284909 17397480 152975 0 6088 0 0 2097152 0 0
SEP
MEM comp06 1608324038 2020/12/18 15:40:38 1 4096 65614610 12854388 40516915 27 285159 17398892 153199 0 6088 0 0 2097152 0 0
SEP
MEM comp06 1608324039 2020/12/18 15:40:39 1 4096 65614610 12759273 40612312 27 285353 17399053 153415 0 6088 0 0 2097152 0 0
SEP
MEM comp06 1608324040 2020/12/18 15:40:40 1 4096 65614610 12664854 40704984 27 285621 17401573 153623 0 6088 0 0 2097152 0 0
SEP
MEM comp06 1608324041 2020/12/18 15:40:41 1 4096 65614610 12572749 40797448 27 285773 17384993 153839 0 6088 0 0 2097152 0 0
SEP
MEM comp06 1608324042 2020/12/18 15:40:42 1 4096 65614610 12477456 40892501 27 286021 17356134 154071 0 6088 0 0 2097152 0 0
SEP
MEM comp06 1608324043 2020/12/18 15:40:43 1 4096 65614610 12380184 40989484 27 286209 17326757 154263 0 6088 0 0 2097152 0 0
SEP
MEM comp06 1608324044 2020/12/18 15:40:44 1 4096 65614610 12280546 41088706 27 286465 17326942 154487 0 6088 0 0 2097152 0 0
SEP
MEM comp06 1608324045 2020/12/18 15:40:45 1 4096 65614610 12181487 41187474 27 286679 17333548 154679 0 6088 0 0 2097152 0 0
SEP
MEM comp06 1608324046 2020/12/18 15:40:46 1 4096 65614610 12084299 41285042 27 286905 17333638 154911 0 6088 0 0 2097152 0 0
SEP
MEM comp06 1608324047 2020/12/18 15:40:47 1 4096 65614610 11987006 41382023 27 287085 17329571 155103 0 6088 0 0 2097152 0 0
SEP
MEM comp06 1608324048 2020/12/18 15:40:48 1 4096 65614610 11887754 41480797 27 287221 17307301 155311 0 6088 0 0 2097152 0 0
SEP
MEM comp06 1608324049 2020/12/18 15:40:49 1 4096 65614610 12444052 41586158 27 287469 17296414 155559 0 6088 0 0 2097152 0 0
SEP
MEM comp06 1608324050 2020/12/18 15:40:50 1 4096 65614610 11762689 41702638 27 287771 17295586 155799 0 6088 0 0 2097152 0 0
SEP
MEM comp06 1608324051 2020/12/18 15:40:51 1 4096 65614610 12127894 41816154 27 288071 17292234 156047 0 6088 0 0 2097152 0 0
SEP
MEM comp06 1608324052 2020/12/18 15:40:52 1 4096 65614610 11663756 41927154 27 288359 17296342 156327 0 6088 0 0 2097152 0 0
SEP
MEM comp06 1608324053 2020/12/18 15:40:53 1 4096 65614610 11336991 42030730 27 288495 17296489 156559 0 6088 0 0 2097152 0 0
SEP
MEM comp06 1608324054 2020/12/18 15:40:54 1 4096 65614610 11235128 42132082 27 288775 17292514 156791 0 6088 0 0 2097152 0 0
SEP
MEM comp06 1608324055 2020/12/18 15:40:55 1 4096 65614610 11135040 42232450 27 288935 17265516 156999 0 6088 0 0 2097152 0 0
SEP
MEM comp06 1608324056 2020/12/18 15:40:56 1 4096 65614610 11029153 42337571 27 289179 17246697 157247 0 6088 0 0 2097152 0 0
SEP
MEM comp06 1608324057 2020/12/18 15:40:57 1 4096 65614610 10921446 42446231 27 289401 17260551 157487 0 6088 0 0 2097152 0 0
SEP
MEM comp06 1608324058 2020/12/18 15:40:58 1 4096 65614610 10810304 42556403 27 289687 17281665 157751 0 6088 0 0 2097152 0 0
SEP
MEM comp06 1608324059 2020/12/18 15:40:59 1 4096 65614610 10701164 42664915 27 289917 17314953 157999 0 6088 0 0 2097152 0 0
SEP
MEM comp06 1608324060 2020/12/18 15:41:00 1 4096 65614610 11328590 42771383 27 290103 17306909 158151 0 6088 0 0 2097152 0 0
SEP
MEM comp06 1608324061 2020/12/18 15:41:01 1 4096 65614610 11208113 42891791 27 290437 17334019 158495 0 6088 0 0 2097152 0 0
SEP
MEM comp06 1608324062 2020/12/18 15:41:02 1 4096 65614610 11089293 43010071 27 290655 17363599 158719 0 6088 0 0 2097152 0 0
SEP
MEM comp06 1608324063 2020/12/18 15:41:03 1 4096 65614610 10973962 43125379 27 291021 17375567 158991 0 6088 0 0 2097152 0 0
SEP
MEM comp06 1608324064 2020/12/18 15:41:04 1 4096 65614610 10858196 43240707 27 291183 17366849 159247 0 6088 0 0 2097152 0 0
SEP
MEM comp06 1608324065 2020/12/18 15:41:05 1 4096 65614610 10741691 43357308 27 291345 17377204 159399 0 6088 0 0 2097152 0 0
SEP
MEM comp06 1608324066 2020/12/18 15:41:06 1 4096 65614610 10627965 43470963 27 291695 17388655 159743 0 6088 0 0 2097152 0 0
SEP
MEM comp06 1608324067 2020/12/18 15:41:07 1 4096 65614610 11955849 43610090 27 292015 17415354 160047 0 6088 0 0 2097152 0 0
SEP
MEM comp06 1608324068 2020/12/18 15:41:08 1 4096 65614610 15444811 43790095 27 292409 17503327 160495 0 6088 0 0 2097152 0 0
SEP
MEM comp06 1608324069 2020/12/18 15:41:09 1 4096 65614610 15225391 44009478 27 292901 17621893 160983 0 6088 0 0 2097152 0 0
SEP
MEM comp06 1608324070 2020/12/18 15:41:10 1 4096 65614610 14998961 44235536 27 293343 17756496 161439 0 6088 0 0 2097152 0 0
SEP
MEM comp06 1608324071 2020/12/18 15:41:11 1 4096 65614610 15509234 44458331 27 293993 17890093 161999 0 6088 0 0 2097152 0 0
SEP
MEM comp06 1608324072 2020/12/18 15:41:12 1 4096 65614610 15284277 44682807 27 294443 18011797 162463 0 6088 0 0 2097152 0 0
SEP
MEM comp06 1608324073 2020/12/18 15:41:13 1 4096 65614610 15800617 44900110 27 294985 18122374 162959 0 6088 0 0 2097152 0 0
SEP
MEM comp06 1608324074 2020/12/18 15:41:14 1 4096 65614610 15579588 45120436 27 295505 18244076 163511 0 6088 0 0 2097152 0 0
SEP
MEM comp06 1608324075 2020/12/18 15:41:15 1 4096 65614610 15361516 45338078 27 295949 18374677 164015 0 6088 0 0 2097152 0 0
SEP
MEM comp06 1608324076 2020/12/18 15:41:16 1 4096 65614610 15151626 45547796 27 296329 18500747 164407 0 6088 0 0 2097152 0 0
SEP
MEM comp06 1608324077 2020/12/18 15:41:17 1 4096 65614610 14951606 45747148 27 296879 18624353 164927 0 6088 0 0 2097152 0 0
SEP
MEM comp06 1608324078 2020/12/18 15:41:18 1 4096 65614610 14762851 45935724 27 297207 18738645 165279 0 6088 0 0 2097152 0 0
SEP
MEM comp06 1608324079 2020/12/18 15:41:19 1 4096 65614610 16058060 46107670 27 297717 18831428 165751 0 6088 0 0 2097152 0 0
SEP
MEM comp06 1608324080 2020/12/18 15:41:20 1 4096 65614610 15875774 46289603 27 298087 18935548 166167 0 6088 0 0 2097152 0 0
SEP
MEM comp06 1608324081 2020/12/18 15:41:21 1 4096 65614610 15695060 46469877 27 298525 19043172 166583 0 6088 0 0 2097152 0 0
SEP
MEM comp06 1608324082 2020/12/18 15:41:22 1 4096 65614610 16998725 46633776 27 298847 19098489 166943 0 6088 0 0 2097152 0 0
SEP
MEM comp06 1608324083 2020/12/18 15:41:23 1 4096 65614610 16848471 46783574 27 299261 19140742 167295 0 6088 0 0 2097152 0 0
SEP
