RESET
MEM comp06 1608324216 2020/12/18 15:43:36 1489852 4096 65614610 65179419 24909 27 193656 5 61640 0 6090 0 0 2097152 0 0
SEP
MEM comp06 1608324217 2020/12/18 15:43:37 1 4096 65614610 64889541 181956 27 194731 7 62653 0 6090 0 0 2097152 0 0
SEP
MEM comp06 1608324218 2020/12/18 15:43:38 1 4096 65614610 64614524 319152 27 195017 7 62959 0 6090 0 0 2097152 0 0
SEP
MEM comp06 1608324219 2020/12/18 15:43:39 1 4096 65614610 64337809 455859 27 195245 8 63175 0 6090 0 0 2097152 0 0
SEP
MEM comp06 1608324220 2020/12/18 15:43:40 1 4096 65614610 64057768 596101 27 195549 8 63463 0 6090 0 0 2097152 0 0
SEP
MEM comp06 1608324221 2020/12/18 15:43:41 1 4096 65614610 63781284 732852 27 195835 8 63751 0 6090 0 0 2097152 0 0
SEP
MEM comp06 1608324222 2020/12/18 15:43:42 1 4096 65614610 63504873 871603 27 196075 8 64015 0 6090 0 0 2097152 0 0
SEP
MEM comp06 1608324223 2020/12/18 15:43:43 1 4096 65614610 63236579 1008300 27 196411 7 64343 0 6090 0 0 2097152 0 0
SEP
MEM comp06 1608324224 2020/12/18 15:43:44 1 4096 65614610 62961621 1143901 27 196703 8 64639 0 6090 0 0 2097152 0 0
SEP
MEM comp06 1608324225 2020/12/18 15:43:45 1 4096 65614610 62679446 1284273 27 197007 8 64959 0 6090 0 0 2097152 0 0
SEP
MEM comp06 1608324226 2020/12/18 15:43:46 1 4096 65614610 62401505 1420436 27 197311 8 65263 0 6090 0 0 2097152 0 0
SEP
MEM comp06 1608324227 2020/12/18 15:43:47 1 4096 65614610 62128017 1560240 27 197631 8 65583 0 6090 0 0 2097152 0 0
SEP
MEM comp06 1608324228 2020/12/18 15:43:48 1 4096 65614610 61857207 1696877 27 197913 8 65879 0 6090 0 0 2097152 0 0
SEP
MEM comp06 1608324229 2020/12/18 15:43:49 1 4096 65614610 61577147 1835183 27 198257 5 66199 0 6090 0 0 2097152 0 0
SEP
MEM comp06 1608324230 2020/12/18 15:43:50 1 4096 65614610 61303185 1972315 27 198539 6 66495 0 6090 0 0 2097152 0 0
SEP
MEM comp06 1608324231 2020/12/18 15:43:51 1 4096 65614610 61028214 2110031 27 198865 6 66815 0 6090 0 0 2097152 0 0
SEP
MEM comp06 1608324232 2020/12/18 15:43:52 1 4096 65614610 60751203 2247855 27 199211 6 67167 0 6090 0 0 2097152 0 0
SEP
MEM comp06 1608324233 2020/12/18 15:43:53 1 4096 65614610 60474710 2384153 27 199481 6 67455 0 6090 0 0 2097152 0 0
SEP
MEM comp06 1608324234 2020/12/18 15:43:54 1 4096 65614610 60196645 2522291 27 199779 5 67775 0 6090 0 0 2097152 0 0
SEP
MEM comp06 1608324235 2020/12/18 15:43:55 1 4096 65614610 59921746 2660018 27 200075 6 68055 0 6090 0 0 2097152 0 0
SEP
MEM comp06 1608324236 2020/12/18 15:43:56 1 4096 65614610 59644209 2796641 27 200355 6 68343 0 6090 0 0 2097152 0 0
SEP
MEM comp06 1608324237 2020/12/18 15:43:57 1 4096 65614610 59374383 2934448 27 200611 6 68615 0 6090 0 0 2097152 0 0
SEP
MEM comp06 1608324238 2020/12/18 15:43:58 1 4096 65614610 59094330 3073785 27 200897 6 68895 0 6090 0 0 2097152 0 0
SEP
MEM comp06 1608324239 2020/12/18 15:43:59 1 4096 65614610 58820927 3211030 27 201155 5 69159 0 6090 0 0 2097152 0 0
SEP
MEM comp06 1608324240 2020/12/18 15:44:00 1 4096 65614610 58543890 3347684 27 201443 6 69463 0 6090 0 0 2097152 0 0
SEP
MEM comp06 1608324241 2020/12/18 15:44:01 1 4096 65614610 58273041 3486380 27 201767 6 69775 0 6090 0 0 2097152 0 0
SEP
MEM comp06 1608324242 2020/12/18 15:44:02 1 4096 65614610 57999073 3623083 27 202047 6 70063 0 6090 0 0 2097152 0 0
SEP
MEM comp06 1608324243 2020/12/18 15:44:03 1 4096 65614610 57713908 3761245 27 202329 6 70343 0 6090 0 0 2097152 0 0
SEP
MEM comp06 1608324244 2020/12/18 15:44:04 1 4096 65614610 57437387 3899571 27 202625 1 70639 0 6090 0 0 2097152 0 0
SEP
MEM comp06 1608324245 2020/12/18 15:44:05 1 4096 65614610 57164934 4036785 27 202947 2 70951 0 6090 0 0 2097152 0 0
SEP
MEM comp06 1608324246 2020/12/18 15:44:06 1 4096 65614610 56888886 4174512 27 203275 2 71263 0 6090 0 0 2097152 0 0
SEP
MEM comp06 1608324247 2020/12/18 15:44:07 1 4096 65614610 56607796 4313287 27 203545 2 71559 0 6090 0 0 2097152 0 0
SEP
MEM comp06 1608324248 2020/12/18 15:44:08 1 4096 65614610 56335876 4449968 27 203859 2 71847 0 6090 0 0 2097152 0 0
SEP
MEM comp06 1608324249 2020/12/18 15:44:09 1 4096 65614610 56061877 4588206 27 204147 0 72159 0 6090 0 0 2097152 0 0
SEP
MEM comp06 1608324250 2020/12/18 15:44:10 1 4096 65614610 55786932 4724336 27 204461 1 72463 0 6090 0 0 2097152 0 0
SEP
MEM comp06 1608324251 2020/12/18 15:44:11 1 4096 65614610 55514477 4863148 27 204781 2 72783 0 6090 0 0 2097152 0 0
SEP
MEM comp06 1608324252 2020/12/18 15:44:12 1 4096 65614610 55237369 4999855 27 205105 2 73103 0 6090 0 0 2097152 0 0
SEP
MEM comp06 1608324253 2020/12/18 15:44:13 1 4096 65614610 54956380 5136956 27 205419 2 73407 0 6090 0 0 2097152 0 0
SEP
MEM comp06 1608324254 2020/12/18 15:44:14 1 4096 65614610 54677651 5277363 27 205743 0 73727 0 6090 0 0 2097152 0 0
SEP
MEM comp06 1608324255 2020/12/18 15:44:15 1 4096 65614610 54410854 5413465 27 206043 1 74055 0 6090 0 0 2097152 0 0
SEP
MEM comp06 1608324256 2020/12/18 15:44:16 1 4096 65614610 54129239 5552304 27 206335 1 74335 0 6090 0 0 2097152 0 0
SEP
MEM comp06 1608324257 2020/12/18 15:44:17 1 4096 65614610 53854249 5688518 27 206621 1 74623 0 6090 0 0 2097152 0 0
SEP
MEM comp06 1608324258 2020/12/18 15:44:18 1 4096 65614610 53575665 5827249 27 206921 1 74911 0 6090 0 0 2097152 0 0
SEP
MEM comp06 1608324259 2020/12/18 15:44:19 1 4096 65614610 53302747 5964452 27 207197 1 75207 0 6090 0 0 2097152 0 0
SEP
MEM comp06 1608324260 2020/12/18 15:44:20 1 4096 65614610 53028704 6101679 27 207543 1 75535 0 6090 0 0 2097152 0 0
SEP
MEM comp06 1608324261 2020/12/18 15:44:21 1 4096 65614610 52751134 6239919 27 207845 1 75839 0 6090 0 0 2097152 0 0
SEP
MEM comp06 1608324262 2020/12/18 15:44:22 1 4096 65614610 52476602 6376624 27 208179 1 76167 0 6090 0 0 2097152 0 0
SEP
MEM comp06 1608324263 2020/12/18 15:44:23 1 4096 65614610 52202220 6513243 27 208461 1 76439 0 6090 0 0 2097152 0 0
SEP
MEM comp06 1608324264 2020/12/18 15:44:24 1 4096 65614610 51922568 6652133 27 208771 1 76759 0 6090 0 0 2097152 0 0
SEP
MEM comp06 1608324265 2020/12/18 15:44:25 1 4096 65614610 51651690 6789294 27 209061 1 77055 0 6090 0 0 2097152 0 0
SEP
MEM comp06 1608324266 2020/12/18 15:44:26 1 4096 65614610 51374081 6927023 27 209381 1 77375 0 6090 0 0 2097152 0 0
SEP
MEM comp06 1608324267 2020/12/18 15:44:27 1 4096 65614610 51088879 7065782 27 209671 1 77671 0 6090 0 0 2097152 0 0
SEP
MEM comp06 1608324268 2020/12/18 15:44:28 1 4096 65614610 50821566 7202809 27 209973 1 77967 0 6090 0 0 2097152 0 0
SEP
MEM comp06 1608324269 2020/12/18 15:44:29 1 4096 65614610 50541899 7342225 27 210315 1 78311 0 6090 0 0 2097152 0 0
SEP
MEM comp06 1608324270 2020/12/18 15:44:30 1 4096 65614610 50267370 7478448 27 210631 1 78631 0 6090 0 0 2097152 0 0
SEP
MEM comp06 1608324271 2020/12/18 15:44:31 1 4096 65614610 49989821 7616690 27 210935 1 78927 0 6090 0 0 2097152 0 0
SEP
MEM comp06 1608324272 2020/12/18 15:44:32 1 4096 65614610 49713771 7754928 27 211237 1 79247 0 6090 0 0 2097152 0 0
SEP
MEM comp06 1608324273 2020/12/18 15:44:33 1 4096 65614610 49439316 7890441 27 211543 1 79551 0 6090 0 0 2097152 0 0
SEP
MEM comp06 1608324274 2020/12/18 15:44:34 1 4096 65614610 49162815 8029214 27 211835 1 79839 0 6090 0 0 2097152 0 0
SEP
MEM comp06 1608324275 2020/12/18 15:44:35 1 4096 65614610 48888854 8165981 27 212145 0 80143 0 6090 0 0 2097152 0 0
SEP
MEM comp06 1608324276 2020/12/18 15:44:36 1 4096 65614610 48615814 8303790 27 212459 1 80455 0 6090 0 0 2097152 0 0
SEP
MEM comp06 1608324277 2020/12/18 15:44:37 1 4096 65614610 48337789 8441999 27 212769 1 80751 0 6090 0 0 2097152 0 0
SEP
MEM comp06 1608324278 2020/12/18 15:44:38 1 4096 65614610 48054521 8580789 27 213103 1 81079 0 6090 0 0 2097152 0 0
SEP
MEM comp06 1608324279 2020/12/18 15:44:39 1 4096 65614610 47789270 8716462 27 213397 1 81391 0 6090 0 0 2097152 0 0
SEP
MEM comp06 1608324280 2020/12/18 15:44:40 1 4096 65614610 47510193 8854704 27 213687 0 81687 0 6090 0 0 2097152 0 0
SEP
MEM comp06 1608324281 2020/12/18 15:44:41 1 4096 65614610 47233595 8992944 27 214055 1 82031 0 6090 0 0 2097152 0 0
SEP
MEM comp06 1608324282 2020/12/18 15:44:42 1 4096 65614610 46960181 9128862 27 214349 1 82327 0 6090 0 0 2097152 0 0
SEP
MEM comp06 1608324283 2020/12/18 15:44:43 1 4096 65614610 46676889 9268404 27 214677 1 82663 0 6090 0 0 2097152 0 0
SEP
MEM comp06 1608324284 2020/12/18 15:44:44 1 4096 65614610 46405026 9407202 27 214977 1 82967 0 6090 0 0 2097152 0 0
SEP
MEM comp06 1608324285 2020/12/18 15:44:45 1 4096 65614610 46132031 9543824 27 215301 0 83287 0 6090 0 0 2097152 0 0
SEP
MEM comp06 1608324286 2020/12/18 15:44:46 1 4096 65614610 45857552 9679536 27 215573 1 83567 0 6090 0 0 2097152 0 0
SEP
MEM comp06 1608324287 2020/12/18 15:44:47 1 4096 65614610 45572809 9819286 27 215917 1 83903 0 6090 0 0 2097152 0 0
SEP
MEM comp06 1608324288 2020/12/18 15:44:48 1 4096 65614610 45298883 9958462 27 216185 1 84175 0 6090 0 0 2097152 0 0
SEP
MEM comp06 1608324289 2020/12/18 15:44:49 1 4096 65614610 45023319 10095302 27 216513 1 84487 0 6090 0 0 2097152 0 0
SEP
MEM comp06 1608324290 2020/12/18 15:44:50 1 4096 65614610 44750361 10231983 27 216791 0 84791 0 6090 0 0 2097152 0 0
SEP
MEM comp06 1608324291 2020/12/18 15:44:51 1 4096 65614610 44465115 10371140 27 217105 1 85079 0 6090 0 0 2097152 0 0
SEP
MEM comp06 1608324292 2020/12/18 15:44:52 1 4096 65614610 44196297 10507939 27 217377 1 85383 0 6090 0 0 2097152 0 0
SEP
MEM comp06 1608324293 2020/12/18 15:44:53 1 4096 65614610 43921259 10644659 27 217715 1 85719 0 6090 0 0 2097152 0 0
SEP
MEM comp06 1608324294 2020/12/18 15:44:54 1 4096 65614610 43645760 10782322 27 217999 1 85999 0 6090 0 0 2097152 0 0
SEP
MEM comp06 1608324295 2020/12/18 15:44:55 1 4096 65614610 43372812 10920622 27 218311 0 86319 0 6090 0 0 2097152 0 0
SEP
MEM comp06 1608324296 2020/12/18 15:44:56 1 4096 65614610 43090580 11059890 27 218645 1 86655 0 6090 0 0 2097152 0 0
SEP
MEM comp06 1608324297 2020/12/18 15:44:57 1 4096 65614610 42815089 11195573 27 218949 1 86935 0 6090 0 0 2097152 0 0
SEP
MEM comp06 1608324298 2020/12/18 15:44:58 1 4096 65614610 42540137 11334373 27 219219 1 87231 0 6090 0 0 2097152 0 0
SEP
MEM comp06 1608324299 2020/12/18 15:44:59 1 4096 65614610 42266692 11471565 27 219537 1 87535 0 6090 0 0 2097152 0 0
SEP
MEM comp06 1608324300 2020/12/18 15:45:00 1 4096 65614610 41991119 11609690 27 219867 0 87863 0 6090 0 0 2097152 0 0
SEP
MEM comp06 1608324301 2020/12/18 15:45:01 1 4096 65614610 41708940 11746536 27 220147 1 88159 0 6090 0 0 2097152 0 0
SEP
MEM comp06 1608324302 2020/12/18 15:45:02 1 4096 65614610 41439021 11883697 27 220479 1 88479 0 6090 0 0 2097152 0 0
SEP
MEM comp06 1608324303 2020/12/18 15:45:03 1 4096 65614610 41162977 12020913 27 220803 1 88807 0 6090 0 0 2097152 0 0
SEP
MEM comp06 1608324304 2020/12/18 15:45:04 1 4096 65614610 40885951 12159036 27 221079 1 89087 0 6090 0 0 2097152 0 0
SEP
MEM comp06 1608324305 2020/12/18 15:45:05 1 4096 65614610 40610876 12297393 27 221433 0 89431 0 6090 0 0 2097152 0 0
SEP
MEM comp06 1608324306 2020/12/18 15:45:06 1 4096 65614610 40335328 12435120 27 221759 1 89727 0 6090 0 0 2097152 0 0
SEP
MEM comp06 1608324307 2020/12/18 15:45:07 1 4096 65614610 40054656 12574897 27 222061 1 90039 0 6090 0 0 2097152 0 0
SEP
MEM comp06 1608324308 2020/12/18 15:45:08 1 4096 65614610 39780677 12709556 27 222373 1 90351 0 6090 0 0 2097152 0 0
SEP
MEM comp06 1608324309 2020/12/18 15:45:09 1 4096 65614610 39505159 12847283 27 222683 1 90663 0 6090 0 0 2097152 0 0
SEP
MEM comp06 1608324310 2020/12/18 15:45:10 1 4096 65614610 39227100 12985408 27 222977 0 90951 0 6090 0 0 2097152 0 0
SEP
MEM comp06 1608324311 2020/12/18 15:45:11 1 4096 65614610 38955121 13123761 27 223317 1 91287 0 6090 0 0 2097152 0 0
SEP
MEM comp06 1608324312 2020/12/18 15:45:12 1 4096 65614610 38679096 13261966 27 223621 1 91591 0 6090 0 0 2097152 0 0
SEP
MEM comp06 1608324313 2020/12/18 15:45:13 1 4096 65614610 38407664 13398700 27 223945 1 91911 0 6090 0 0 2097152 0 0
SEP
MEM comp06 1608324314 2020/12/18 15:45:14 1 4096 65614610 38134541 13535319 27 224235 1 92199 0 6090 0 0 2097152 0 0
SEP
MEM comp06 1608324315 2020/12/18 15:45:15 1 4096 65614610 37848254 13674080 27 224575 1 92535 0 6090 0 0 2097152 0 0
SEP
MEM comp06 1608324316 2020/12/18 15:45:16 1 4096 65614610 37576822 13810865 27 224885 0 92855 0 6090 0 0 2097152 0 0
SEP
MEM comp06 1608324317 2020/12/18 15:45:17 1 4096 65614610 37298206 13949107 27 225183 1 93151 0 6090 0 0 2097152 0 0
SEP
MEM comp06 1608324318 2020/12/18 15:45:18 1 4096 65614610 37025225 14086832 27 225507 1 93487 0 6090 0 0 2097152 0 0
SEP
MEM comp06 1608324319 2020/12/18 15:45:19 1 4096 65614610 36744154 14224843 27 225811 2 93775 0 6090 0 0 2097152 0 0
SEP
MEM comp06 1608324320 2020/12/18 15:45:20 1 4096 65614610 36472705 14361526 27 226139 2 94087 0 6090 0 0 2097152 0 0
SEP
MEM comp06 1608324321 2020/12/18 15:45:21 1 4096 65614610 36192584 14498746 27 226441 0 94391 0 6090 0 0 2097152 0 0
SEP
MEM comp06 1608324322 2020/12/18 15:45:22 1 4096 65614610 35917237 14635458 27 226753 1 94703 0 6090 0 0 2097152 0 0
SEP
MEM comp06 1608324323 2020/12/18 15:45:23 1 4096 65614610 35638299 14773957 27 227047 1 95007 0 6090 0 0 2097152 0 0
SEP
MEM comp06 1608324324 2020/12/18 15:45:24 1 4096 65614610 35158594 15116509 27 227759 204373 95711 0 6090 0 0 2097152 0 0
SEP
MEM comp06 1608324325 2020/12/18 15:45:25 1 4096 65614610 34925265 15779507 27 229313 732423 97279 0 6090 0 0 2097152 0 0
SEP
MEM comp06 1608324326 2020/12/18 15:45:26 1 4096 65614610 34079394 15916431 27 229621 732422 97591 0 6090 0 0 2097152 0 0
SEP
MEM comp06 1608324327 2020/12/18 15:45:27 1 4096 65614610 33408298 16445928 27 230763 1135157 98719 0 6090 0 0 2097152 0 0
SEP
MEM comp06 1608324328 2020/12/18 15:45:28 1 4096 65614610 32310970 18040434 27 234221 2636281 102191 0 6090 0 0 2097152 0 0
SEP
MEM comp06 1608324329 2020/12/18 15:45:29 1 4096 65614610 31880099 18333740 27 235121 2921000 103071 0 6090 0 0 2097152 0 0
SEP
MEM comp06 1608324330 2020/12/18 15:45:30 1 4096 65614610 31104463 18645256 27 235780 3145031 103719 0 6090 0 0 2097152 0 0
SEP
MEM comp06 1608324331 2020/12/18 15:45:31 1 4096 65614610 30076767 20357373 27 239380 4856807 107319 0 6090 0 0 2097152 0 0
SEP
MEM comp06 1608324332 2020/12/18 15:45:32 1 4096 65614610 27433909 22908947 27 245330 7331671 113207 0 6090 0 0 2097152 0 0
SEP
MEM comp06 1608324333 2020/12/18 15:45:33 1 4096 65614610 24617609 26317629 27 252764 10652927 120663 0 6090 0 0 2097152 0 0
SEP
MEM comp06 1608324334 2020/12/18 15:45:34 1 4096 65614610 21528539 30127097 27 261932 14339887 129719 0 6090 0 0 2097152 0 0
SEP
MEM comp06 1608324335 2020/12/18 15:45:35 1 4096 65614610 20036641 31277483 27 264446 15363352 132319 0 6090 0 0 2097152 0 0
SEP
MEM comp06 1608324336 2020/12/18 15:45:36 1 4096 65614610 17756594 32027634 27 266278 15996973 134063 0 6090 0 0 2097152 0 0
SEP
MEM comp06 1608324337 2020/12/18 15:45:37 1 4096 65614610 17572633 32391247 27 267122 16248379 134887 0 6090 0 0 2097152 0 0
SEP
MEM comp06 1608324338 2020/12/18 15:45:38 1 4096 65614610 16986850 32730694 27 267780 16481954 135663 0 6090 0 0 2097152 0 0
SEP
MEM comp06 1608324339 2020/12/18 15:45:39 1 4096 65614610 16564447 33151727 27 268810 16810090 136583 0 6090 0 0 2097152 0 0
SEP
MEM comp06 1608324340 2020/12/18 15:45:40 1 4096 65614610 16129014 33586282 27 269730 17170931 137583 0 6090 0 0 2097152 0 0
SEP
MEM comp06 1608324341 2020/12/18 15:45:41 1 4096 65614610 15801113 33913799 27 270510 17430474 138335 0 6090 0 0 2097152 0 0
SEP
MEM comp06 1608324342 2020/12/18 15:45:42 1 4096 65614610 15668516 34045910 27 270822 17502343 138631 0 6090 0 0 2097152 0 0
SEP
MEM comp06 1608324343 2020/12/18 15:45:43 1 4096 65614610 15588941 34125342 27 270946 17515934 138799 0 6090 0 0 2097152 0 0
SEP
MEM comp06 1608324344 2020/12/18 15:45:44 1 4096 65614610 15536592 34177883 27 271076 17497298 138935 0 6090 0 0 2097152 0 0
SEP
MEM comp06 1608324345 2020/12/18 15:45:45 1 4096 65614610 15492283 34222070 27 271180 17456611 139039 0 6090 0 0 2097152 0 0
SEP
MEM comp06 1608324346 2020/12/18 15:45:46 1 4096 65614610 15455787 34258057 27 271302 17394292 139111 0 6090 0 0 2097152 0 0
SEP
MEM comp06 1608324347 2020/12/18 15:45:47 1 4096 65614610 15423013 34291251 27 271318 17327676 139191 0 6090 0 0 2097152 0 0
SEP
MEM comp06 1608324348 2020/12/18 15:45:48 1 4096 65614610 15390872 34323349 27 271386 17268099 139263 0 6090 0 0 2097152 0 0
SEP
MEM comp06 1608324349 2020/12/18 15:45:49 1 4096 65614610 15362420 34351767 27 271426 17200366 139311 0 6090 0 0 2097152 0 0
SEP
MEM comp06 1608324350 2020/12/18 15:45:50 1 4096 65614610 15334545 34379581 27 271504 17102660 139391 0 6090 0 0 2097152 0 0
SEP
MEM comp06 1608324351 2020/12/18 15:45:51 1 4096 65614610 15307453 34406593 27 271588 17031869 139463 0 6090 0 0 2097152 0 0
SEP
MEM comp06 1608324352 2020/12/18 15:45:52 1 4096 65614610 15281911 34432010 27 271698 16951232 139503 0 6090 0 0 2097152 0 0
SEP
MEM comp06 1608324353 2020/12/18 15:45:53 1 4096 65614610 15255587 34458333 27 271710 16867569 139575 0 6090 0 0 2097152 0 0
SEP
MEM comp06 1608324354 2020/12/18 15:45:54 1 4096 65614610 15227904 34485903 27 271834 16771706 139639 0 6090 0 0 2097152 0 0
SEP
MEM comp06 1608324355 2020/12/18 15:45:55 1 4096 65614610 15200200 34513503 27 271930 16692810 139695 0 6090 0 0 2097152 0 0
SEP
MEM comp06 1608324356 2020/12/18 15:45:56 1 4096 65614610 15164934 34548815 27 272000 16634816 139783 0 6090 0 0 2097152 0 0
SEP
MEM comp06 1608324357 2020/12/18 15:45:57 1 4096 65614610 15123578 34590095 27 272000 16562944 139863 0 6090 0 0 2097152 0 0
SEP
MEM comp06 1608324358 2020/12/18 15:45:58 1 4096 65614610 15074766 34638783 27 272086 16506283 139975 0 6090 0 0 2097152 0 0
SEP
MEM comp06 1608324359 2020/12/18 15:45:59 1 4096 65614610 15019168 34694223 27 272244 16451116 140111 0 6090 0 0 2097152 0 0
SEP
MEM comp06 1608324360 2020/12/18 15:46:00 1 4096 65614610 14957543 34755663 27 272444 16396858 140239 0 6090 0 0 2097152 0 0
SEP
MEM comp06 1608324361 2020/12/18 15:46:01 1 4096 65614610 14889035 34823823 27 272604 16358010 140399 0 6090 0 0 2097152 0 0
SEP
MEM comp06 1608324362 2020/12/18 15:46:02 1 4096 65614610 14819592 34893183 27 272694 16338794 140559 0 6090 0 0 2097152 0 0
SEP
MEM comp06 1608324363 2020/12/18 15:46:03 1 4096 65614610 14747329 34965371 27 272830 16319817 140727 0 6090 0 0 2097152 0 0
SEP
MEM comp06 1608324364 2020/12/18 15:46:04 1 4096 65614610 14674477 35037903 27 273092 16313018 140887 0 6090 0 0 2097152 0 0
SEP
MEM comp06 1608324365 2020/12/18 15:46:05 1 4096 65614610 14600890 35111479 27 273228 16293286 141055 0 6090 0 0 2097152 0 0
SEP
MEM comp06 1608324366 2020/12/18 15:46:06 1 4096 65614610 14523712 35188383 27 273366 16243354 141231 0 6090 0 0 2097152 0 0
SEP
MEM comp06 1608324367 2020/12/18 15:46:07 1 4096 65614610 14441472 35270463 27 273552 16220484 141407 0 6090 0 0 2097152 0 0
SEP
MEM comp06 1608324368 2020/12/18 15:46:08 1 4096 65614610 14356451 35355371 27 273726 16202938 141599 0 6090 0 0 2097152 0 0
SEP
MEM comp06 1608324369 2020/12/18 15:46:09 1 4096 65614610 14269941 35441583 27 273954 16182684 141815 0 6090 0 0 2097152 0 0
SEP
MEM comp06 1608324370 2020/12/18 15:46:10 1 4096 65614610 14180157 35531103 27 274222 16152906 141999 0 6090 0 0 2097152 0 0
SEP
MEM comp06 1608324371 2020/12/18 15:46:11 1 4096 65614610 14088653 35622527 27 274430 16140682 142207 0 6090 0 0 2097152 0 0
SEP
MEM comp06 1608324372 2020/12/18 15:46:12 1 4096 65614610 13996018 35714979 27 274594 16129320 142383 0 6090 0 0 2097152 0 0
SEP
MEM comp06 1608324373 2020/12/18 15:46:13 1 4096 65614610 13900783 35810019 27 274836 16122924 142631 0 6090 0 0 2097152 0 0
SEP
MEM comp06 1608324374 2020/12/18 15:46:14 1 4096 65614610 13804391 35906171 27 274980 16091760 142839 0 6090 0 0 2097152 0 0
SEP
MEM comp06 1608324375 2020/12/18 15:46:15 1 4096 65614610 13704641 36005583 27 275260 16074446 143087 0 6090 0 0 2097152 0 0
SEP
MEM comp06 1608324376 2020/12/18 15:46:16 1 4096 65614610 13603142 36107059 27 275468 16068240 143303 0 6090 0 0 2097152 0 0
SEP
MEM comp06 1608324377 2020/12/18 15:46:17 1 4096 65614610 13501116 36208623 27 275716 16057306 143527 0 6090 0 0 2097152 0 0
SEP
MEM comp06 1608324378 2020/12/18 15:46:18 1 4096 65614610 13396469 36313023 27 275972 16046506 143767 0 6090 0 0 2097152 0 0
SEP
MEM comp06 1608324379 2020/12/18 15:46:19 1 4096 65614610 13294814 36414543 27 276142 16075369 144007 0 6090 0 0 2097152 0 0
SEP
MEM comp06 1608324380 2020/12/18 15:46:20 1 4096 65614610 13194450 36514623 27 276406 16066410 144239 0 6090 0 0 2097152 0 0
SEP
MEM comp06 1608324381 2020/12/18 15:46:21 1 4096 65614610 13091575 36617355 27 276608 16042108 144423 0 6090 0 0 2097152 0 0
SEP
MEM comp06 1608324382 2020/12/18 15:46:22 1 4096 65614610 12985347 36723183 27 276930 16027610 144687 0 6090 0 0 2097152 0 0
SEP
MEM comp06 1608324383 2020/12/18 15:46:23 1 4096 65614610 12880421 36828012 27 277094 16047897 144943 0 6090 0 0 2097152 0 0
SEP
MEM comp06 1608324384 2020/12/18 15:46:24 1 4096 65614610 12778096 36930012 27 277430 16076679 145183 0 6090 0 0 2097152 0 0
SEP
MEM comp06 1608324385 2020/12/18 15:46:25 1 4096 65614610 12679413 37028600 27 277588 16098416 145415 0 6090 0 0 2097152 0 0
SEP
MEM comp06 1608324386 2020/12/18 15:46:26 1 4096 65614610 12583611 37124404 27 277738 16092278 145583 0 6090 0 0 2097152 0 0
SEP
MEM comp06 1608324387 2020/12/18 15:46:27 1 4096 65614610 12484406 37223042 27 278016 16084134 145847 0 6090 0 0 2097152 0 0
SEP
MEM comp06 1608324388 2020/12/18 15:46:28 1 4096 65614610 12386698 37320554 27 278242 16109964 146047 0 6090 0 0 2097152 0 0
SEP
MEM comp06 1608324389 2020/12/18 15:46:29 1 4096 65614610 12294651 37412330 27 278520 16138203 146279 0 6090 0 0 2097152 0 0
SEP
MEM comp06 1608324390 2020/12/18 15:46:30 1 4096 65614610 12204408 37502433 27 278638 16154217 146463 0 6090 0 0 2097152 0 0
SEP
MEM comp06 1608324391 2020/12/18 15:46:31 1 4096 65614610 12118056 37589252 27 278844 16139366 146647 0 6090 0 0 2097152 0 0
SEP
MEM comp06 1608324392 2020/12/18 15:46:32 1 4096 65614610 12026395 37680075 27 279012 16115701 146871 0 6090 0 0 2097152 0 0
SEP
MEM comp06 1608324393 2020/12/18 15:46:33 1 4096 65614610 11934598 37771604 27 279298 16132926 147095 0 6090 0 0 2097152 0 0
SEP
MEM comp06 1608324394 2020/12/18 15:46:34 1 4096 65614610 11847460 37858472 27 279566 16151675 147295 0 6090 0 0 2097152 0 0
SEP
MEM comp06 1608324395 2020/12/18 15:46:35 1 4096 65614610 11760028 37945829 27 279638 16130779 147471 0 6090 0 0 2097152 0 0
SEP
MEM comp06 1608324396 2020/12/18 15:46:36 1 4096 65614610 11673824 38032001 27 279822 16137235 147647 0 6090 0 0 2097152 0 0
SEP
MEM comp06 1608324397 2020/12/18 15:46:37 1 4096 65614610 11587033 38118325 27 280126 16149415 147871 0 6090 0 0 2097152 0 0
SEP
MEM comp06 1608324398 2020/12/18 15:46:38 1 4096 65614610 11878311 38213120 27 280230 16138804 148095 0 6090 0 0 2097152 0 0
SEP
MEM comp06 1608324399 2020/12/18 15:46:39 1 4096 65614610 11389336 38315712 27 280470 16144553 148319 0 6090 0 0 2097152 0 0
SEP
MEM comp06 1608324400 2020/12/18 15:46:40 1 4096 65614610 11295285 38409602 27 280658 16158574 148527 0 6090 0 0 2097152 0 0
SEP
MEM comp06 1608324401 2020/12/18 15:46:41 1 4096 65614610 11204629 38500016 27 280966 16177244 148735 0 6090 0 0 2097152 0 0
SEP
MEM comp06 1608324402 2020/12/18 15:46:42 1 4096 65614610 11335844 38594238 27 281075 16179884 148927 0 6090 0 0 2097152 0 0
SEP
MEM comp06 1608324403 2020/12/18 15:46:43 1 4096 65614610 11021687 38682566 27 281393 16172340 149143 0 6090 0 0 2097152 0 0
SEP
MEM comp06 1608324404 2020/12/18 15:46:44 1 4096 65614610 10932506 38771573 27 281521 16163130 149359 0 6090 0 0 2097152 0 0
SEP
MEM comp06 1608324405 2020/12/18 15:46:45 1 4096 65614610 10841866 38862028 27 281735 16154232 149551 0 6090 0 0 2097152 0 0
SEP
MEM comp06 1608324406 2020/12/18 15:46:46 1 4096 65614610 10751531 38952066 27 281973 16137514 149759 0 6090 0 0 2097152 0 0
SEP
MEM comp06 1608324407 2020/12/18 15:46:47 1 4096 65614610 10659304 39044908 27 282075 16121098 149935 0 6090 0 0 2097152 0 0
SEP
MEM comp06 1608324408 2020/12/18 15:46:48 1 4096 65614610 10562735 39140549 27 282329 16117967 150175 0 6090 0 0 2097152 0 0
SEP
MEM comp06 1608324409 2020/12/18 15:46:49 1 4096 65614610 10468103 39234941 27 282575 16112998 150375 0 6090 0 0 2097152 0 0
SEP
MEM comp06 1608324410 2020/12/18 15:46:50 1 4096 65614610 10372325 39330473 27 282831 16103059 150575 0 6090 0 0 2097152 0 0
SEP
MEM comp06 1608324411 2020/12/18 15:46:51 1 4096 65614610 10276450 39426233 27 282939 16100003 150799 0 6090 0 0 2097152 0 0
SEP
MEM comp06 1608324412 2020/12/18 15:46:52 1 4096 65614610 10180483 39522633 27 283047 16093001 150983 0 6090 0 0 2097152 0 0
SEP
MEM comp06 1608324413 2020/12/18 15:46:53 1 4096 65614610 10513993 39627408 27 283335 16092828 151207 0 6090 0 0 2097152 0 0
SEP
MEM comp06 1608324414 2020/12/18 15:46:54 1 4096 65614610 9969286 39732745 27 283557 16103923 151455 0 6090 0 0 2097152 0 0
SEP
MEM comp06 1608324415 2020/12/18 15:46:55 1 4096 65614610 9869373 39832989 27 283783 16114524 151631 0 6090 0 0 2097152 0 0
SEP
MEM comp06 1608324416 2020/12/18 15:46:56 1 4096 65614610 9770308 39931217 27 284049 16089422 151879 0 6090 0 0 2097152 0 0
SEP
MEM comp06 1608324417 2020/12/18 15:46:57 1 4096 65614610 9670165 40031037 27 284387 16064298 152111 0 6090 0 0 2097152 0 0
SEP
MEM comp06 1608324418 2020/12/18 15:46:58 1 4096 65614610 9569936 40131401 27 284487 16049324 152335 0 6090 0 0 2097152 0 0
SEP
MEM comp06 1608324419 2020/12/18 15:46:59 1 4096 65614610 9466993 40233885 27 284699 16053638 152551 0 6090 0 0 2097152 0 0
SEP
MEM comp06 1608324420 2020/12/18 15:47:00 1 4096 65614610 9363354 40337357 27 284949 16046972 152791 0 6090 0 0 2097152 0 0
SEP
MEM comp06 1608324421 2020/12/18 15:47:01 1 4096 65614610 9258060 40442277 27 285257 16025998 153031 0 6090 0 0 2097152 0 0
SEP
MEM comp06 1608324422 2020/12/18 15:47:02 1 4096 65614610 9152446 40547613 27 285549 16024838 153279 0 6090 0 0 2097152 0 0
SEP
MEM comp06 1608324423 2020/12/18 15:47:03 1 4096 65614610 9047165 40652753 27 285787 16018384 153511 0 6090 0 0 2097152 0 0
SEP
MEM comp06 1608324424 2020/12/18 15:47:04 1 4096 65614610 8943231 40756645 27 285889 16012538 153727 0 6090 0 0 2097152 0 0
SEP
MEM comp06 1608324425 2020/12/18 15:47:05 1 4096 65614610 8835823 40863621 27 286171 15993197 153991 0 6090 0 0 2097152 0 0
SEP
MEM comp06 1608324426 2020/12/18 15:47:06 1 4096 65614610 8727656 40971465 27 286489 15976114 154231 0 6090 0 0 2097152 0 0
SEP
MEM comp06 1608324427 2020/12/18 15:47:07 1 4096 65614610 8618783 41080221 27 286621 15957967 154471 0 6090 0 0 2097152 0 0
SEP
MEM comp06 1608324428 2020/12/18 15:47:08 1 4096 65614610 8507285 41191485 27 286861 15945803 154719 0 6090 0 0 2097152 0 0
SEP
MEM comp06 1608324429 2020/12/18 15:47:09 1 4096 65614610 8396774 41301609 27 287255 15964755 154975 0 6090 0 0 2097152 0 0
SEP
MEM comp06 1608324430 2020/12/18 15:47:10 1 4096 65614610 8287942 41410278 27 287419 15979216 155215 0 6090 0 0 2097152 0 0
SEP
MEM comp06 1608324431 2020/12/18 15:47:11 1 4096 65614610 8181258 41516763 27 287605 15991102 155463 0 6090 0 0 2097152 0 0
SEP
MEM comp06 1608324432 2020/12/18 15:47:12 1 4096 65614610 8075763 41621874 27 287995 16005980 155711 0 6090 0 0 2097152 0 0
SEP
MEM comp06 1608324433 2020/12/18 15:47:13 1 4096 65614610 7972104 41725382 27 288145 16015792 155951 0 6090 0 0 2097152 0 0
SEP
MEM comp06 1608324434 2020/12/18 15:47:14 1 4096 65614610 7870227 41827058 27 288347 16025926 156191 0 6090 0 0 2097152 0 0
SEP
MEM comp06 1608324435 2020/12/18 15:47:15 1 4096 65614610 7769263 41927818 27 288553 16032948 156391 0 6090 0 0 2097152 0 0
SEP
MEM comp06 1608324436 2020/12/18 15:47:16 1 4096 65614610 7668418 42028349 27 288871 16045862 156631 0 6090 0 0 2097152 0 0
SEP
MEM comp06 1608324437 2020/12/18 15:47:17 1 4096 65614610 7569763 42126819 27 289057 16049275 156871 0 6090 0 0 2097152 0 0
SEP
MEM comp06 1608324438 2020/12/18 15:47:18 1 4096 65614610 7471567 42224831 27 289239 16052393 157063 0 6090 0 0 2097152 0 0
SEP
MEM comp06 1608324439 2020/12/18 15:47:19 1 4096 65614610 7373804 42322385 27 289443 16055227 157303 0 6090 0 0 2097152 0 0
SEP
MEM comp06 1608324440 2020/12/18 15:47:20 1 4096 65614610 7277409 42418565 27 289679 16067951 157527 0 6090 0 0 2097152 0 0
SEP
MEM comp06 1608324441 2020/12/18 15:47:21 1 4096 65614610 7180996 42514745 27 289891 16061795 157727 0 6090 0 0 2097152 0 0
SEP
MEM comp06 1608324442 2020/12/18 15:47:22 1 4096 65614610 7082367 42613174 27 290149 16036337 157951 0 6090 0 0 2097152 0 0
SEP
MEM comp06 1608324443 2020/12/18 15:47:23 1 4096 65614610 6981067 42714163 27 290453 16021472 158175 0 6090 0 0 2097152 0 0
SEP
MEM comp06 1608324444 2020/12/18 15:47:24 1 4096 65614610 6877830 42817254 27 290545 16008421 158407 0 6090 0 0 2097152 0 0
SEP
MEM comp06 1608324445 2020/12/18 15:47:25 1 4096 65614610 6773479 42920762 27 290819 16003365 158655 0 6090 0 0 2097152 0 0
SEP
MEM comp06 1608324446 2020/12/18 15:47:26 1 4096 65614610 6668853 43025645 27 291125 15991510 158895 0 6090 0 0 2097152 0 0
SEP
MEM comp06 1608324447 2020/12/18 15:47:27 1 4096 65614610 6563858 43131443 27 291283 15971431 159127 0 6090 0 0 2097152 0 0
SEP
MEM comp06 1608324448 2020/12/18 15:47:28 1 4096 65614610 6454027 43240905 27 291603 15958475 159399 0 6090 0 0 2097152 0 0
SEP
MEM comp06 1608324449 2020/12/18 15:47:29 1 4096 65614610 6344248 43350367 27 291907 15942473 159623 0 6090 0 0 2097152 0 0
SEP
MEM comp06 1608324450 2020/12/18 15:47:30 1 4096 65614610 6232384 43461783 27 291989 15928491 159823 0 6090 0 0 2097152 0 0
SEP
MEM comp06 1608324451 2020/12/18 15:47:31 1 4096 65614610 6120309 43573871 27 292387 15948472 160127 0 6090 0 0 2097152 0 0
SEP
MEM comp06 1608324452 2020/12/18 15:47:32 1 4096 65614610 6009155 43684707 27 292659 15947181 160399 0 6090 0 0 2097152 0 0
SEP
MEM comp06 1608324453 2020/12/18 15:47:33 1 4096 65614610 5899012 43794627 27 292881 15959725 160623 0 6090 0 0 2097152 0 0
SEP
MEM comp06 1608324454 2020/12/18 15:47:34 1 4096 65614610 5788990 43904318 27 293199 15945001 160903 0 6090 0 0 2097152 0 0
SEP
MEM comp06 1608324455 2020/12/18 15:47:35 1 4096 65614610 5678413 44014843 27 293393 15949929 161127 0 6090 0 0 2097152 0 0
SEP
MEM comp06 1608324456 2020/12/18 15:47:36 1 4096 65614610 5569931 44123013 27 293565 15968111 161375 0 6090 0 0 2097152 0 0
SEP
MEM comp06 1608324457 2020/12/18 15:47:37 1 4096 65614610 5460911 44231788 27 293805 15972438 161623 0 6090 0 0 2097152 0 0
SEP
MEM comp06 1608324458 2020/12/18 15:47:38 1 4096 65614610 5355056 44337871 27 294109 15998107 161823 0 6090 0 0 2097152 0 0
SEP
MEM comp06 1608324459 2020/12/18 15:47:39 1 4096 65614610 5250852 44441323 27 294319 16005373 162103 0 6090 0 0 2097152 0 0
SEP
MEM comp06 1608324460 2020/12/18 15:47:40 1 4096 65614610 5147118 44544831 27 294537 16012073 162351 0 6090 0 0 2097152 0 0
SEP
MEM comp06 1608324461 2020/12/18 15:47:41 1 4096 65614610 5045565 44646049 27 294863 16030277 162583 0 6090 0 0 2097152 0 0
SEP
MEM comp06 1608324462 2020/12/18 15:47:42 1 4096 65614610 4944018 44747496 27 294973 16006638 162791 0 6090 0 0 2097152 0 0
SEP
MEM comp06 1608324463 2020/12/18 15:47:43 1 4096 65614610 4838645 44852607 27 295255 15993705 163031 0 6090 0 0 2097152 0 0
SEP
MEM comp06 1608324464 2020/12/18 15:47:44 1 4096 65614610 4732309 44958634 27 295569 15982996 163271 0 6090 0 0 2097152 0 0
SEP
MEM comp06 1608324465 2020/12/18 15:47:45 1 4096 65614610 4624762 45066035 27 295715 15963933 163527 0 6090 0 0 2097152 0 0
SEP
MEM comp06 1608324466 2020/12/18 15:47:46 1 4096 65614610 4515433 45175227 27 295907 15974759 163775 0 6090 0 0 2097152 0 0
SEP
MEM comp06 1608324467 2020/12/18 15:47:47 1 4096 65614610 4409140 45281066 27 296297 15992643 164007 0 6090 0 0 2097152 0 0
SEP
MEM comp06 1608324468 2020/12/18 15:47:48 1 4096 65614610 4304066 45385948 27 296469 16005830 164255 0 6090 0 0 2097152 0 0
SEP
MEM comp06 1608324469 2020/12/18 15:47:49 1 4096 65614610 4200627 45489186 27 296735 15994318 164471 0 6090 0 0 2097152 0 0
SEP
MEM comp06 1608324470 2020/12/18 15:47:50 1 4096 65614610 4457053 45612604 27 297013 16011762 164751 0 6090 0 0 2097152 0 0
SEP
MEM comp06 1608324471 2020/12/18 15:47:51 1 4096 65614610 3986714 45728318 27 297247 16031266 165007 0 6090 0 0 2097152 0 0
SEP
MEM comp06 1608324472 2020/12/18 15:47:52 1 4096 65614610 3851609 45837380 27 297371 16022125 165255 0 6090 0 0 2097152 0 0
SEP
MEM comp06 1608324473 2020/12/18 15:47:53 1 4096 65614610 4106171 45948403 27 297801 16037853 165519 0 6090 0 0 2097152 0 0
SEP
MEM comp06 1608324474 2020/12/18 15:47:54 1 4096 65614610 3635853 46052623 27 297977 16049401 165743 0 6090 0 0 2097152 0 0
SEP
MEM comp06 1608324475 2020/12/18 15:47:55 1 4096 65614610 3537297 46150937 27 298143 16055135 165959 0 6090 0 0 2097152 0 0
SEP
MEM comp06 1608324476 2020/12/18 15:47:56 1 4096 65614610 3438486 46249537 27 298377 16053869 166199 0 6090 0 0 2097152 0 0
SEP
MEM comp06 1608324477 2020/12/18 15:47:57 1 4096 65614610 3343301 46344608 27 298545 16061376 166399 0 6090 0 0 2097152 0 0
SEP
MEM comp06 1608324478 2020/12/18 15:47:58 1 4096 65614610 3244309 46443277 27 298927 16066810 166639 0 6090 0 0 2097152 0 0
SEP
MEM comp06 1608324479 2020/12/18 15:47:59 1 4096 65614610 3141514 46545775 27 299187 16058712 166879 0 6090 0 0 2097152 0 0
SEP
MEM comp06 1608324480 2020/12/18 15:48:00 1 4096 65614610 3214756 46657364 27 299305 16045827 167103 0 6090 0 0 2097152 0 0
SEP
MEM comp06 1608324481 2020/12/18 15:48:01 1 4096 65614610 2923145 46763776 27 299537 16054505 167351 0 6090 0 0 2097152 0 0
SEP
MEM comp06 1608324482 2020/12/18 15:48:02 1 4096 65614610 2819973 46866297 27 299773 16063266 167607 0 6090 0 0 2097152 0 0
SEP
MEM comp06 1608324483 2020/12/18 15:48:03 1 4096 65614610 2719619 46966825 27 299987 16069155 167831 0 6090 0 0 2097152 0 0
SEP
MEM comp06 1608324484 2020/12/18 15:48:04 1 4096 65614610 2620991 47065231 27 300223 16069303 168055 0 6090 0 0 2097152 0 0
SEP
MEM comp06 1608324485 2020/12/18 15:48:05 1 4096 65614610 2523295 47162926 27 300429 16063380 168239 0 6090 0 0 2097152 0 0
SEP
MEM comp06 1608324486 2020/12/18 15:48:06 1 4096 65614610 3010040 47268031 27 300671 16068229 168495 0 6090 0 0 2097152 0 0
SEP
MEM comp06 1608324487 2020/12/18 15:48:07 1 4096 65614610 2700786 47383521 27 301029 16096138 168767 0 6090 0 0 2097152 0 0
SEP
MEM comp06 1608324488 2020/12/18 15:48:08 1 4096 65614610 2223375 47489593 27 301259 16102432 169007 0 6090 0 0 2097152 0 0
SEP
MEM comp06 1608324489 2020/12/18 15:48:09 1 4096 65614610 2094333 47590728 27 301509 16102642 169247 0 6090 0 0 2097152 0 0
SEP
MEM comp06 1608324490 2020/12/18 15:48:10 1 4096 65614610 1996736 47688208 27 301675 16104337 169415 0 6090 0 0 2097152 0 0
SEP
MEM comp06 1608324491 2020/12/18 15:48:11 1 4096 65614610 1901476 47783111 27 301929 16096941 169671 0 6090 0 0 2097152 0 0
SEP
MEM comp06 1608324492 2020/12/18 15:48:12 1 4096 65614610 2529705 47888584 27 302195 16097391 169903 0 6090 0 0 2097152 0 0
SEP
MEM comp06 1608324493 2020/12/18 15:48:13 1 4096 65614610 2851147 48012923 27 302425 16128547 170175 0 6090 0 0 2097152 0 0
SEP
MEM comp06 1608324494 2020/12/18 15:48:14 1 4096 65614610 3001349 48137212 27 302595 16134124 170471 0 6090 0 0 2097152 0 0
SEP
MEM comp06 1608324495 2020/12/18 15:48:15 1 4096 65614610 2812712 48260359 27 302823 16143527 170655 0 6090 0 0 2097152 0 0
SEP
MEM comp06 1608324496 2020/12/18 15:48:16 1 4096 65614610 2458358 48377325 27 303259 16141779 171007 0 6090 0 0 2097152 0 0
SEP
MEM comp06 1608324497 2020/12/18 15:48:17 1 4096 65614610 1930709 48486268 27 303423 16126881 171263 0 6090 0 0 2097152 0 0
SEP
MEM comp06 1608324498 2020/12/18 15:48:18 1 4096 65614610 3338543 48595540 27 303691 16131634 171519 0 6090 0 0 2097152 0 0
SEP
MEM comp06 1608324499 2020/12/18 15:48:19 1 4096 65614610 3303314 48715957 27 303969 16133033 171783 0 6090 0 0 2097152 0 0
SEP
MEM comp06 1608324500 2020/12/18 15:48:20 1 4096 65614610 3465059 48833455 27 304245 16142699 172023 0 6090 0 0 2097152 0 0
SEP
MEM comp06 1608324501 2020/12/18 15:48:21 1 4096 65614610 1491535 48947635 27 304515 16166873 172327 0 6090 0 0 2097152 0 0
SEP
MEM comp06 1608324502 2020/12/18 15:48:22 1 4096 65614610 1510609 48904926 27 304799 16200615 172639 0 6090 0 0 2097152 0 0
SEP
MEM comp06 1608324503 2020/12/18 15:48:23 1 4096 65614610 1596041 48819355 27 305111 16234672 172935 0 6090 0 0 2097152 0 0
SEP
MEM comp06 1608324504 2020/12/18 15:48:24 1 4096 65614610 1583014 48832024 27 305447 16269265 173263 0 6090 0 0 2097152 0 0
SEP
MEM comp06 1608324505 2020/12/18 15:48:25 1 4096 65614610 1442948 48971638 27 305879 16315599 173591 0 6090 0 0 2097152 0 0
SEP
MEM comp06 1608324506 2020/12/18 15:48:26 1 4096 65614610 1394916 49019468 27 306105 16343962 173919 0 6090 0 0 2097152 0 0
SEP
MEM comp06 1608324507 2020/12/18 15:48:27 1 4096 65614610 1329429 49084484 27 306477 16401635 174295 0 6090 0 0 2097152 0 0
SEP
MEM comp06 1608324508 2020/12/18 15:48:28 1 4096 65614610 1181582 49232068 27 306821 16451583 174647 0 6090 0 0 2097152 0 0
SEP
MEM comp06 1608324509 2020/12/18 15:48:29 1 4096 65614610 1109736 49303501 27 307239 16498419 174967 0 6090 0 0 2097152 0 0
SEP
MEM comp06 1608324510 2020/12/18 15:48:30 1 4096 65614610 1043416 49369630 27 307451 16507767 175271 0 6090 0 0 2097152 0 0
SEP
MEM comp06 1608324511 2020/12/18 15:48:31 1 4096 65614610 921662 49491064 27 307715 16507931 175511 0 6090 0 0 2097152 0 0
SEP
MEM comp06 1608324512 2020/12/18 15:48:32 1 4096 65614610 895426 49517318 27 307931 16526409 175767 0 6090 0 0 2097152 0 0
SEP
MEM comp06 1608324513 2020/12/18 15:48:33 1 4096 65614610 841079 49571310 27 308297 16536371 176007 0 6090 0 0 2097152 0 0
SEP
MEM comp06 1608324514 2020/12/18 15:48:34 1 4096 65614610 812231 49600088 27 308417 16518926 176239 0 6090 0 0 2097152 0 0
SEP
MEM comp06 1608324515 2020/12/18 15:48:35 1 4096 65614610 713635 49698392 27 308627 16500044 176455 0 6090 0 0 2097152 0 0
SEP
MEM comp06 1608324516 2020/12/18 15:48:36 1 4096 65614610 618720 49793274 27 308801 16498538 176647 0 6090 0 0 2097152 0 0
SEP
MEM comp06 1608324517 2020/12/18 15:48:37 1 4096 65614610 597556 49813993 27 309067 16484215 176887 0 6090 0 0 2097152 0 0
SEP
MEM comp06 1608324518 2020/12/18 15:48:38 1 4096 65614610 557674 49853685 27 309285 16463366 177103 0 6090 0 0 2097152 0 0
SEP
MEM comp06 1608324519 2020/12/18 15:48:39 1 4096 65614610 460394 49950670 27 309595 16444118 177359 0 6090 0 0 2097152 0 0
SEP
MEM comp06 1608324520 2020/12/18 15:48:40 1 4096 65614610 360670 50050254 27 309817 16423344 177543 0 6090 0 0 2097152 0 0
SEP
MEM comp06 1608324521 2020/12/18 15:48:41 1 4096 65614610 309621 50101100 27 310067 16415204 177783 0 6090 0 0 2097152 0 0
SEP
MEM comp06 1608324522 2020/12/18 15:48:42 1 4096 65614610 227121 50183307 27 310273 16412279 177991 0 6090 0 0 2097152 0 0
SEP
MEM comp06 1608324523 2020/12/18 15:48:43 1 4096 65614610 296117 50114152 27 310547 16394882 178239 0 6090 0 0 2097152 0 0
SEP
MEM comp06 1608324524 2020/12/18 15:48:44 1 4096 65614610 234682 50175521 27 310627 16384710 178479 0 6090 0 0 2097152 0 0
SEP
MEM comp06 1608324525 2020/12/18 15:48:45 1 4096 65614610 252146 50157853 27 310879 16382294 178711 0 6090 0 0 2097152 0 0
SEP
MEM comp06 1608324526 2020/12/18 15:48:46 1 4096 65614610 295671 50113939 27 311255 16383952 178959 0 6090 0 0 2097152 0 0
SEP
MEM comp06 1608324527 2020/12/18 15:48:47 1 4096 65614610 235998 50173441 27 311323 16359321 179159 0 6090 0 0 2097152 0 0
SEP
MEM comp06 1608324528 2020/12/18 15:48:48 1 4096 65614610 242909 50166199 27 311643 16346769 179439 0 6090 0 0 2097152 0 0
SEP
MEM comp06 1608324529 2020/12/18 15:48:49 1 4096 65614610 249958 50159091 27 311861 16344069 179663 0 6090 0 0 2097152 0 0
SEP
MEM comp06 1608324530 2020/12/18 15:48:50 1 4096 65614610 248120 50160574 27 312215 16328137 179927 0 6090 0 0 2097152 0 0
SEP
MEM comp06 1608324531 2020/12/18 15:48:51 1 4096 65614610 264444 50144125 27 312357 16312732 180183 0 6090 0 0 2097152 0 0
SEP
MEM comp06 1608324532 2020/12/18 15:48:52 1 4096 65614610 267332 50140950 27 312725 16319815 180415 0 6090 0 0 2097152 0 0
SEP
MEM comp06 1608324533 2020/12/18 15:48:53 1 4096 65614610 276355 50131570 27 313019 16321023 180711 0 6090 0 0 2097152 0 0
SEP
MEM comp06 1608324534 2020/12/18 15:48:54 1 4096 65614610 279598 50128043 27 313243 16325540 180927 0 6090 0 0 2097152 0 0
SEP
MEM comp06 1608324535 2020/12/18 15:48:55 1 4096 65614610 1022303 50119141 27 313447 16328456 181199 0 6090 0 0 2097152 0 0
SEP
MEM comp06 1608324536 2020/12/18 15:48:56 1 4096 65614610 978121 50163041 27 313783 16347573 181511 0 6090 0 0 2097152 0 0
SEP
MEM comp06 1608324537 2020/12/18 15:48:57 1 4096 65614610 1619509 50255138 27 314095 16369245 181807 0 6090 0 0 2097152 0 0
SEP
MEM comp06 1608324538 2020/12/18 15:48:58 1 4096 65614610 1470707 50403713 27 314403 16407739 182135 0 6090 0 0 2097152 0 0
SEP
MEM comp06 1608324539 2020/12/18 15:48:59 1 4096 65614610 1326114 50547948 27 314735 16441959 182471 0 6090 0 0 2097152 0 0
SEP
MEM comp06 1608324540 2020/12/18 15:49:00 1 4096 65614610 1184835 50688977 27 315055 16475404 182799 0 6090 0 0 2097152 0 0
SEP
MEM comp06 1608324541 2020/12/18 15:49:01 1 4096 65614610 1047749 50825854 27 315319 16506747 183095 0 6090 0 0 2097152 0 0
SEP
MEM comp06 1608324542 2020/12/18 15:49:02 1 4096 65614610 914334 50958959 27 315587 16530346 183383 0 6090 0 0 2097152 0 0
SEP
MEM comp06 1608324543 2020/12/18 15:49:03 1 4096 65614610 783600 51089381 27 315859 16547616 183655 0 6090 0 0 2097152 0 0
SEP
MEM comp06 1608324544 2020/12/18 15:49:04 1 4096 65614610 654467 51218356 27 316167 16567376 183959 0 6090 0 0 2097152 0 0
SEP
MEM comp06 1608324545 2020/12/18 15:49:05 1 4096 65614610 1246512 51359790 27 316503 16597351 184311 0 6090 0 0 2097152 0 0
SEP
MEM comp06 1608324546 2020/12/18 15:49:06 1 4096 65614610 1103539 51502422 27 316845 16625295 184631 0 6090 0 0 2097152 0 0
SEP
MEM comp06 1608324547 2020/12/18 15:49:07 1 4096 65614610 964043 51641655 27 317111 16664226 184927 0 6090 0 0 2097152 0 0
SEP
MEM comp06 1608324548 2020/12/18 15:49:08 1 4096 65614610 827660 51777691 27 317435 16677844 185247 0 6090 0 0 2097152 0 0
SEP
MEM comp06 1608324549 2020/12/18 15:49:09 1 4096 65614610 692883 51912211 27 317757 16697614 185575 0 6090 0 0 2097152 0 0
SEP
MEM comp06 1608324550 2020/12/18 15:49:10 1 4096 65614610 559764 52044935 27 318107 16707008 185855 0 6090 0 0 2097152 0 0
SEP
MEM comp06 1608324551 2020/12/18 15:49:11 1 4096 65614610 429170 52175291 27 318341 16730868 186135 0 6090 0 0 2097152 0 0
SEP
MEM comp06 1608324552 2020/12/18 15:49:12 1 4096 65614610 390578 52213503 27 318699 16738176 186447 0 6090 0 0 2097152 0 0
SEP
MEM comp06 1608324553 2020/12/18 15:49:13 1 4096 65614610 333209 52270604 27 319031 16739775 186727 0 6090 0 0 2097152 0 0
SEP
MEM comp06 1608324554 2020/12/18 15:49:14 1 4096 65614610 301845 52302029 27 319147 16740282 186959 0 6090 0 0 2097152 0 0
SEP
MEM comp06 1608324555 2020/12/18 15:49:15 1 4096 65614610 256912 52346435 27 319493 16748627 187311 0 6090 0 0 2097152 0 0
SEP
MEM comp06 1608324556 2020/12/18 15:49:16 1 4096 65614610 258115 52344948 27 319753 16767811 187607 0 6090 0 0 2097152 0 0
SEP
MEM comp06 1608324557 2020/12/18 15:49:17 1 4096 65614610 255839 52346902 27 320069 16780845 187895 0 6090 0 0 2097152 0 0
SEP
MEM comp06 1608324558 2020/12/18 15:49:18 1 4096 65614610 247386 52355107 27 320323 16789043 188167 0 6090 0 0 2097152 0 0
SEP
MEM comp06 1608324559 2020/12/18 15:49:19 1 4096 65614610 259294 52342925 27 320595 16800788 188439 0 6090 0 0 2097152 0 0
SEP
MEM comp06 1608324560 2020/12/18 15:49:20 1 4096 65614610 252158 52349829 27 320871 16800767 188719 0 6090 0 0 2097152 0 0
SEP
MEM comp06 1608324561 2020/12/18 15:49:21 1 4096 65614610 251526 52350127 27 321195 16799371 188991 0 6090 0 0 2097152 0 0
SEP
MEM comp06 1608324562 2020/12/18 15:49:22 1 4096 65614610 263272 52338203 27 321435 16807550 189255 0 6090 0 0 2097152 0 0
SEP
MEM comp06 1608324563 2020/12/18 15:49:23 1 4096 65614610 256130 52344926 27 321823 16804536 189559 0 6090 0 0 2097152 0 0
SEP
MEM comp06 1608324564 2020/12/18 15:49:24 1 4096 65614610 260526 52340319 27 322095 16795438 189783 0 6090 0 0 2097152 0 0
SEP
MEM comp06 1608324565 2020/12/18 15:49:25 1 4096 65614610 257718 52342752 27 322415 16803478 190111 0 6090 0 0 2097152 0 0
SEP
MEM comp06 1608324566 2020/12/18 15:49:26 1 4096 65614610 250484 52349782 27 322607 16823192 190391 0 6090 0 0 2097152 0 0
SEP
MEM comp06 1608324567 2020/12/18 15:49:27 1 4096 65614610 263326 52336617 27 322925 16831836 190671 0 6090 0 0 2097152 0 0
SEP
MEM comp06 1608324568 2020/12/18 15:49:28 1 4096 65614610 245952 52353797 27 323153 16844327 190943 0 6090 0 0 2097152 0 0
SEP
MEM comp06 1608324569 2020/12/18 15:49:29 1 4096 65614610 262491 52337020 27 323359 16863695 191215 0 6090 0 0 2097152 0 0
SEP
MEM comp06 1608324570 2020/12/18 15:49:30 1 4096 65614610 257219 52341854 27 323801 16872600 191487 0 6090 0 0 2097152 0 0
SEP
MEM comp06 1608324571 2020/12/18 15:49:31 1 4096 65614610 252759 52346220 27 323893 16867608 191743 0 6090 0 0 2097152 0 0
SEP
MEM comp06 1608324572 2020/12/18 15:49:32 1 4096 65614610 257071 52341659 27 324095 16868580 191951 0 6090 0 0 2097152 0 0
SEP
MEM comp06 1608324573 2020/12/18 15:49:33 1 4096 65614610 254908 52343482 27 324439 16877608 192279 0 6090 0 0 2097152 0 0
SEP
MEM comp06 1608324574 2020/12/18 15:49:34 1 4096 65614610 260160 52338107 27 324673 16867600 192519 0 6090 0 0 2097152 0 0
SEP
MEM comp06 1608324575 2020/12/18 15:49:35 1 4096 65614610 263849 52334128 27 324955 16872822 192807 0 6090 0 0 2097152 0 0
SEP
MEM comp06 1608324576 2020/12/18 15:49:36 1 4096 65614610 250705 52347038 27 325185 16881755 193047 0 6090 0 0 2097152 0 0
SEP
MEM comp06 1608324577 2020/12/18 15:49:37 1 4096 65614610 256226 52341223 27 325481 16879376 193319 0 6090 0 0 2097152 0 0
SEP
MEM comp06 1608324578 2020/12/18 15:49:38 1 4096 65614610 252440 52344649 27 325739 16884140 193591 0 6090 0 0 2097152 0 0
SEP
MEM comp06 1608324579 2020/12/18 15:49:39 1 4096 65614610 247174 52349708 27 325991 16880327 193831 0 6090 0 0 2097152 0 0
SEP
MEM comp06 1608324580 2020/12/18 15:49:40 1 4096 65614610 277976 52318691 27 326279 16882191 194127 0 6090 0 0 2097152 0 0
SEP
MEM comp06 1608324581 2020/12/18 15:49:41 1 4096 65614610 270330 52325916 27 326715 16892853 194399 0 6090 0 0 2097152 0 0
SEP
MEM comp06 1608324582 2020/12/18 15:49:42 1 4096 65614610 283453 52312411 27 326981 16900614 194663 0 6090 0 0 2097152 0 0
SEP
MEM comp06 1608324583 2020/12/18 15:49:43 1 4096 65614610 281274 52314467 27 327225 16904967 194927 0 6090 0 0 2097152 0 0
SEP
MEM comp06 1608324584 2020/12/18 15:49:44 1 4096 65614610 274773 52320903 27 327323 16896372 195159 0 6090 0 0 2097152 0 0
SEP
MEM comp06 1608324585 2020/12/18 15:49:45 1 4096 65614610 273347 52322004 27 327625 16885259 195447 0 6090 0 0 2097152 0 0
SEP
MEM comp06 1608324586 2020/12/18 15:49:46 1 4096 65614610 1632081 52430605 27 327815 16900651 195687 0 6090 0 0 2097152 0 0
SEP
MEM comp06 1608324587 2020/12/18 15:49:47 1 4096 65614610 1479942 52582557 27 328195 16941425 196047 0 6090 0 0 2097152 0 0
SEP
MEM comp06 1608324588 2020/12/18 15:49:48 1 4096 65614610 1328578 52733456 27 328597 16966566 196423 0 6090 0 0 2097152 0 0
SEP
MEM comp06 1608324589 2020/12/18 15:49:49 1 4096 65614610 1179179 52882614 27 328883 16991772 196687 0 6090 0 0 2097152 0 0
SEP
MEM comp06 1608324590 2020/12/18 15:49:50 1 4096 65614610 1757462 53037747 27 329339 17026490 197111 0 6090 0 0 2097152 0 0
SEP
MEM comp06 1608324591 2020/12/18 15:49:51 1 4096 65614610 1594455 53200330 27 329757 17063121 197463 0 6090 0 0 2097152 0 0
SEP
MEM comp06 1608324592 2020/12/18 15:49:52 1 4096 65614610 1432070 53362521 27 330141 17102246 197831 0 6090 0 0 2097152 0 0
SEP
MEM comp06 1608324593 2020/12/18 15:49:53 1 4096 65614610 1994769 53533364 27 330389 17152490 198223 0 6090 0 0 2097152 0 0
SEP
MEM comp06 1608324594 2020/12/18 15:49:54 1 4096 65614610 2548962 53712710 27 330885 17216955 198559 0 6090 0 0 2097152 0 0
SEP
MEM comp06 1608324595 2020/12/18 15:49:55 1 4096 65614610 2362579 53898832 27 331203 17279712 199039 0 6090 0 0 2097152 0 0
SEP
MEM comp06 1608324596 2020/12/18 15:49:56 1 4096 65614610 2177529 54083240 27 331635 17339821 199487 0 6090 0 0 2097152 0 0
SEP
MEM comp06 1608324597 2020/12/18 15:49:57 1 4096 65614610 2726449 54267806 27 332067 17398946 199887 0 6090 0 0 2097152 0 0
SEP
MEM comp06 1608324598 2020/12/18 15:49:58 1 4096 65614610 4727942 54467534 27 332539 17479377 200327 0 6090 0 0 2097152 0 0
SEP
MEM comp06 1608324599 2020/12/18 15:49:59 1 4096 65614610 8173035 54691116 27 332995 17576348 200751 0 6090 0 0 2097152 0 0
SEP
