RESET
MEM comp06 1608323441 2020/12/18 15:30:41 1489077 4096 65614610 65178916 26355 27 192416 1 60940 0 6084 0 0 2097152 0 0
SEP
MEM comp06 1608323442 2020/12/18 15:30:42 1 4096 65614610 64892099 173188 27 193545 4 61982 0 6084 0 0 2097152 0 0
SEP
MEM comp06 1608323443 2020/12/18 15:30:43 1 4096 65614610 64616241 310404 27 193859 4 62312 0 6084 0 0 2097152 0 0
SEP
MEM comp06 1608323444 2020/12/18 15:30:44 1 4096 65614610 64341231 447620 27 194167 4 62608 0 6084 0 0 2097152 0 0
SEP
MEM comp06 1608323445 2020/12/18 15:30:45 1 4096 65614610 64064694 585860 27 194463 4 62920 0 6084 0 0 2097152 0 0
SEP
MEM comp06 1608323446 2020/12/18 15:30:46 1 4096 65614610 63789180 723076 27 194797 4 63240 0 6084 0 0 2097152 0 0
SEP
MEM comp06 1608323447 2020/12/18 15:30:47 1 4096 65614610 63512914 860264 27 195075 4 63512 0 6084 0 0 2097152 0 0
SEP
MEM comp06 1608323448 2020/12/18 15:30:48 1 4096 65614610 63237112 998532 27 195415 4 63856 0 6084 0 0 2097152 0 0
SEP
MEM comp06 1608323449 2020/12/18 15:30:49 1 4096 65614610 62962130 1135748 27 195729 4 64184 0 6084 0 0 2097152 0 0
SEP
MEM comp06 1608323450 2020/12/18 15:30:50 1 4096 65614610 62685536 1273988 27 196029 4 64480 0 6084 0 0 2097152 0 0
SEP
MEM comp06 1608323451 2020/12/18 15:30:51 1 4096 65614610 62409513 1411196 27 196313 4 64752 0 6084 0 0 2097152 0 0
SEP
MEM comp06 1608323452 2020/12/18 15:30:52 1 4096 65614610 62132996 1549444 27 196635 4 65104 0 6084 0 0 2097152 0 0
SEP
MEM comp06 1608323453 2020/12/18 15:30:53 1 4096 65614610 61855938 1687684 27 196981 4 65432 0 6084 0 0 2097152 0 0
SEP
MEM comp06 1608323454 2020/12/18 15:30:54 1 4096 65614610 61579405 1825464 27 197279 4 65736 0 6084 0 0 2097152 0 0
SEP
MEM comp06 1608323455 2020/12/18 15:30:55 1 4096 65614610 61303879 1963140 27 197583 4 66032 0 6084 0 0 2097152 0 0
SEP
MEM comp06 1608323456 2020/12/18 15:30:56 1 4096 65614610 61027348 2101380 27 197895 4 66352 0 6084 0 0 2097152 0 0
SEP
MEM comp06 1608323457 2020/12/18 15:30:57 1 4096 65614610 60751270 2238596 27 198239 4 66672 0 6084 0 0 2097152 0 0
SEP
MEM comp06 1608323458 2020/12/18 15:30:58 1 4096 65614610 60474742 2376836 27 198523 4 66976 0 6084 0 0 2097152 0 0
SEP
MEM comp06 1608323459 2020/12/18 15:30:59 1 4096 65614610 60197682 2515076 27 198841 4 67296 0 6084 0 0 2097152 0 0
SEP
MEM comp06 1608323460 2020/12/18 15:31:00 1 4096 65614610 59922134 2652292 27 199167 4 67608 0 6084 0 0 2097152 0 0
SEP
MEM comp06 1608323461 2020/12/18 15:31:01 1 4096 65614610 59645610 2790532 27 199481 4 67920 0 6084 0 0 2097152 0 0
SEP
MEM comp06 1608323462 2020/12/18 15:31:02 1 4096 65614610 59369094 2928688 27 199767 4 68232 0 6084 0 0 2097152 0 0
SEP
MEM comp06 1608323463 2020/12/18 15:31:03 1 4096 65614610 59093528 3065988 27 200111 4 68552 0 6084 0 0 2097152 0 0
SEP
MEM comp06 1608323464 2020/12/18 15:31:04 1 4096 65614610 58816994 3204228 27 200401 4 68864 0 6084 0 0 2097152 0 0
SEP
MEM comp06 1608323465 2020/12/18 15:31:05 1 4096 65614610 58540952 3341444 27 200709 4 69168 0 6084 0 0 2097152 0 0
SEP
MEM comp06 1608323466 2020/12/18 15:31:06 1 4096 65614610 58264414 3479684 27 201017 4 69472 0 6084 0 0 2097152 0 0
SEP
MEM comp06 1608323467 2020/12/18 15:31:07 1 4096 65614610 57987872 3617924 27 201329 4 69800 0 6084 0 0 2097152 0 0
SEP
MEM comp06 1608323468 2020/12/18 15:31:08 1 4096 65614610 57711831 3755140 27 201643 4 70104 0 6084 0 0 2097152 0 0
SEP
MEM comp06 1608323469 2020/12/18 15:31:09 1 4096 65614610 57435266 3893380 27 201971 4 70432 0 6084 0 0 2097152 0 0
SEP
MEM comp06 1608323470 2020/12/18 15:31:10 1 4096 65614610 57158725 4031620 27 202275 4 70728 0 6084 0 0 2097152 0 0
SEP
MEM comp06 1608323471 2020/12/18 15:31:11 1 4096 65614610 56883196 4168836 27 202581 4 71040 0 6084 0 0 2097152 0 0
SEP
MEM comp06 1608323472 2020/12/18 15:31:12 1 4096 65614610 56606150 4307076 27 202885 4 71352 0 6084 0 0 2097152 0 0
SEP
MEM comp06 1608323473 2020/12/18 15:31:13 1 4096 65614610 56372952 4418210 27 203159 4 71600 0 6084 0 0 2097152 0 0
SEP
MEM comp06 1608323474 2020/12/18 15:31:14 1 4096 65614610 56372656 4418210 27 203143 4 71600 0 6084 0 0 2097152 0 0
SEP
MEM comp06 1608323475 2020/12/18 15:31:15 1 4096 65614610 56372694 4418210 27 203157 4 71600 0 6084 0 0 2097152 0 0
SEP
MEM comp06 1608323476 2020/12/18 15:31:16 1 4096 65614610 56372239 4418211 27 203131 5 71600 0 6084 0 0 2097152 0 0
SEP
MEM comp06 1608323477 2020/12/18 15:31:17 1 4096 65614610 56372269 4418211 27 203133 1 71600 0 6084 0 0 2097152 0 0
SEP
MEM comp06 1608323478 2020/12/18 15:31:18 1 4096 65614610 55459178 5329447 27 204941 910981 73392 0 6084 0 0 2097152 0 0
SEP
MEM comp06 1608323479 2020/12/18 15:31:19 1 4096 65614610 54083191 8385928 27 211721 3967750 80160 0 6084 0 0 2097152 0 0
SEP
MEM comp06 1608323480 2020/12/18 15:31:20 1 4096 65614610 52636421 8812705 27 212993 4394437 81432 0 6084 0 0 2097152 0 0
SEP
MEM comp06 1608323481 2020/12/18 15:31:21 1 4096 65614610 51968550 8812743 27 213007 4394533 81440 0 6084 0 0 2097152 0 0
SEP
MEM comp06 1608323482 2020/12/18 15:31:22 1 4096 65614610 51968045 8812743 27 213003 4394533 81440 0 6084 0 0 2097152 0 0
SEP
MEM comp06 1608323483 2020/12/18 15:31:23 1 4096 65614610 51968536 8812743 27 213069 4352564 81440 0 6084 0 0 2097152 0 0
SEP
MEM comp06 1608323484 2020/12/18 15:31:24 1 4096 65614610 51967575 8812743 27 213013 4302373 81440 0 6084 0 0 2097152 0 0
SEP
MEM comp06 1608323485 2020/12/18 15:31:25 1 4096 65614610 51309971 9469615 27 214147 4958833 82592 0 6084 0 0 2097152 0 0
SEP
MEM comp06 1608323486 2020/12/18 15:31:26 1 4096 65614610 49539770 12452893 27 221079 7879274 89400 0 6084 0 0 2097152 0 0
SEP
MEM comp06 1608323487 2020/12/18 15:31:27 1 4096 65614610 48503903 13207155 27 222927 8532466 91336 0 6084 0 0 2097152 0 0
SEP
MEM comp06 1608323488 2020/12/18 15:31:28 1 4096 65614610 47564339 13207275 27 223039 8432216 91408 0 6084 0 0 2097152 0 0
SEP
MEM comp06 1608323489 2020/12/18 15:31:29 1 4096 65614610 47564103 13207275 27 223035 8329808 91408 0 6084 0 0 2097152 0 0
SEP
MEM comp06 1608323490 2020/12/18 15:31:30 1 4096 65614610 47564092 13207275 27 223071 8237135 91408 0 6084 0 0 2097152 0 0
SEP
MEM comp06 1608323491 2020/12/18 15:31:31 1 4096 65614610 47564135 13207275 27 223049 8144456 91408 0 6084 0 0 2097152 0 0
SEP
MEM comp06 1608323492 2020/12/18 15:31:32 1 4096 65614610 47214470 13556203 27 223709 8401592 92048 0 6084 0 0 2097152 0 0
SEP
MEM comp06 1608323493 2020/12/18 15:31:33 1 4096 65614610 45033875 16463923 27 230073 11214218 98392 0 6084 0 0 2097152 0 0
SEP
