RESET
MEM comp06 1608324735 2020/12/18 15:52:15 1490371 4096 65614610 65180697 23028 27 194670 5 62155 0 6091 0 0 2097152 0 0
SEP
MEM comp06 1608324736 2020/12/18 15:52:16 1 4096 65614610 64892353 182926 27 195507 7 63121 0 6091 0 0 2097152 0 0
SEP
MEM comp06 1608324737 2020/12/18 15:52:17 1 4096 65614610 64614510 321230 27 195594 7 63283 0 6091 0 0 2097152 0 0
SEP
MEM comp06 1608324738 2020/12/18 15:52:18 1 4096 65614610 64335747 459452 27 195792 0 63499 0 6091 0 0 2097152 0 0
SEP
MEM comp06 1608324739 2020/12/18 15:52:19 1 4096 65614610 64063295 597206 27 195994 1 63699 0 6091 0 0 2097152 0 0
SEP
MEM comp06 1608324740 2020/12/18 15:52:20 1 4096 65614610 63785316 733820 27 196232 1 63923 0 6091 0 0 2097152 0 0
SEP
MEM comp06 1608324741 2020/12/18 15:52:21 1 4096 65614610 63509014 873098 27 196460 1 64163 0 6091 0 0 2097152 0 0
SEP
MEM comp06 1608324742 2020/12/18 15:52:22 1 4096 65614610 63234562 1010893 27 196724 1 64419 0 6091 0 0 2097152 0 0
SEP
MEM comp06 1608324743 2020/12/18 15:52:23 1 4096 65614610 62953957 1148593 27 197008 0 64691 0 6091 0 0 2097152 0 0
SEP
MEM comp06 1608324744 2020/12/18 15:52:24 1 4096 65614610 62676503 1285824 27 197286 1 64971 0 6091 0 0 2097152 0 0
SEP
MEM comp06 1608324745 2020/12/18 15:52:25 1 4096 65614610 62407270 1425003 27 197532 1 65227 0 6091 0 0 2097152 0 0
SEP
MEM comp06 1608324746 2020/12/18 15:52:26 1 4096 65614610 62132331 1560184 27 197818 1 65507 0 6091 0 0 2097152 0 0
SEP
MEM comp06 1608324747 2020/12/18 15:52:27 1 4096 65614610 61855947 1698829 27 198086 1 65779 0 6091 0 0 2097152 0 0
SEP
MEM comp06 1608324748 2020/12/18 15:52:28 1 4096 65614610 61576353 1836655 27 198386 1 66075 0 6091 0 0 2097152 0 0
SEP
MEM comp06 1608324749 2020/12/18 15:52:29 1 4096 65614610 61301913 1973948 27 198670 1 66355 0 6091 0 0 2097152 0 0
SEP
MEM comp06 1608324750 2020/12/18 15:52:30 1 4096 65614610 61028441 2112184 27 198998 1 66675 0 6091 0 0 2097152 0 0
SEP
MEM comp06 1608324751 2020/12/18 15:52:31 1 4096 65614610 60746301 2250430 27 199278 1 66979 0 6091 0 0 2097152 0 0
SEP
MEM comp06 1608324752 2020/12/18 15:52:32 1 4096 65614610 60470330 2387091 27 199582 1 67275 0 6091 0 0 2097152 0 0
SEP
MEM comp06 1608324753 2020/12/18 15:52:33 1 4096 65614610 60199407 2523856 27 199912 1 67619 0 6091 0 0 2097152 0 0
SEP
MEM comp06 1608324754 2020/12/18 15:52:34 1 4096 65614610 59920868 2663091 27 200210 1 67899 0 6091 0 0 2097152 0 0
SEP
MEM comp06 1608324755 2020/12/18 15:52:35 1 4096 65614610 59648913 2800312 27 200502 1 68187 0 6091 0 0 2097152 0 0
SEP
MEM comp06 1608324756 2020/12/18 15:52:36 1 4096 65614610 59372941 2938955 27 200812 1 68515 0 6091 0 0 2097152 0 0
SEP
MEM comp06 1608324757 2020/12/18 15:52:37 1 4096 65614610 59095364 3074277 27 201078 1 68779 0 6091 0 0 2097152 0 0
SEP
MEM comp06 1608324758 2020/12/18 15:52:38 1 4096 65614610 58817328 3213435 27 201380 0 69107 0 6091 0 0 2097152 0 0
SEP
MEM comp06 1608324759 2020/12/18 15:52:39 1 4096 65614610 58543888 3352755 27 201666 1 69387 0 6091 0 0 2097152 0 0
SEP
MEM comp06 1608324760 2020/12/18 15:52:40 1 4096 65614610 58266862 3487186 27 201970 1 69691 0 6091 0 0 2097152 0 0
SEP
MEM comp06 1608324761 2020/12/18 15:52:41 1 4096 65614610 57992922 3627103 27 202272 1 69987 0 6091 0 0 2097152 0 0
SEP
MEM comp06 1608324762 2020/12/18 15:52:42 1 4096 65614610 57716829 3764825 27 202584 1 70291 0 6091 0 0 2097152 0 0
SEP
MEM comp06 1608324763 2020/12/18 15:52:43 1 4096 65614610 57438310 3902180 27 202848 0 70579 0 6091 0 0 2097152 0 0
SEP
MEM comp06 1608324764 2020/12/18 15:52:44 1 4096 65614610 57162855 4039684 27 203144 1 70867 0 6091 0 0 2097152 0 0
SEP
MEM comp06 1608324765 2020/12/18 15:52:45 1 4096 65614610 56884731 4177596 27 203508 1 71219 0 6091 0 0 2097152 0 0
SEP
MEM comp06 1608324766 2020/12/18 15:52:46 1 4096 65614610 56603064 4315880 27 203798 1 71523 0 6091 0 0 2097152 0 0
SEP
MEM comp06 1608324767 2020/12/18 15:52:47 1 4096 65614610 56336276 4454997 27 204104 1 71819 0 6091 0 0 2097152 0 0
SEP
MEM comp06 1608324768 2020/12/18 15:52:48 1 4096 65614610 56058230 4591136 27 204380 0 72099 0 6091 0 0 2097152 0 0
SEP
MEM comp06 1608324769 2020/12/18 15:52:49 1 4096 65614610 55783258 4727447 27 204700 1 72419 0 6091 0 0 2097152 0 0
SEP
MEM comp06 1608324770 2020/12/18 15:52:50 1 4096 65614610 55499517 4867691 27 205024 2 72739 0 6091 0 0 2097152 0 0
SEP
MEM comp06 1608324771 2020/12/18 15:52:51 1 4096 65614610 55227571 5004308 27 205310 2 73027 0 6091 0 0 2097152 0 0
SEP
MEM comp06 1608324772 2020/12/18 15:52:52 1 4096 65614610 54953100 5143099 27 205612 2 73339 0 6091 0 0 2097152 0 0
SEP
MEM comp06 1608324773 2020/12/18 15:52:53 1 4096 65614610 54678647 5279294 27 205898 0 73627 0 6091 0 0 2097152 0 0
SEP
MEM comp06 1608324774 2020/12/18 15:52:54 1 4096 65614610 54401003 5417597 27 206274 1 74003 0 6091 0 0 2097152 0 0
SEP
MEM comp06 1608324775 2020/12/18 15:52:55 1 4096 65614610 54125068 5554095 27 206508 1 74219 0 6091 0 0 2097152 0 0
SEP
MEM comp06 1608324776 2020/12/18 15:52:56 1 4096 65614610 53850483 5691582 27 206884 1 74595 0 6091 0 0 2097152 0 0
SEP
MEM comp06 1608324777 2020/12/18 15:52:57 1 4096 65614610 53580983 5829259 27 207158 1 74859 0 6091 0 0 2097152 0 0
SEP
MEM comp06 1608324778 2020/12/18 15:52:58 1 4096 65614610 53300563 5965912 27 207444 1 75163 0 6091 0 0 2097152 0 0
SEP
MEM comp06 1608324779 2020/12/18 15:52:59 1 4096 65614610 53022473 6104722 27 207780 0 75499 0 6091 0 0 2097152 0 0
SEP
MEM comp06 1608324780 2020/12/18 15:53:00 1 4096 65614610 52743886 6243935 27 208106 1 75835 0 6091 0 0 2097152 0 0
SEP
MEM comp06 1608324781 2020/12/18 15:53:01 1 4096 65614610 52472985 6379198 27 208390 1 76123 0 6091 0 0 2097152 0 0
SEP
MEM comp06 1608324782 2020/12/18 15:53:02 1 4096 65614610 52195962 6517918 27 208700 1 76435 0 6091 0 0 2097152 0 0
SEP
MEM comp06 1608324783 2020/12/18 15:53:03 1 4096 65614610 51921990 6656234 27 209028 1 76731 0 6091 0 0 2097152 0 0
SEP
MEM comp06 1608324784 2020/12/18 15:53:04 1 4096 65614610 51647517 6792315 27 209312 0 77043 0 6091 0 0 2097152 0 0
SEP
MEM comp06 1608324785 2020/12/18 15:53:05 1 4096 65614610 51363365 6932745 27 209602 1 77315 0 6091 0 0 2097152 0 0
SEP
MEM comp06 1608324786 2020/12/18 15:53:06 1 4096 65614610 51096009 7068762 27 209920 1 77651 0 6091 0 0 2097152 0 0
SEP
MEM comp06 1608324787 2020/12/18 15:53:07 1 4096 65614610 50815898 7207101 27 210218 1 77947 0 6091 0 0 2097152 0 0
SEP
MEM comp06 1608324788 2020/12/18 15:53:08 1 4096 65614610 50540958 7344729 27 210502 1 78227 0 6091 0 0 2097152 0 0
SEP
MEM comp06 1608324789 2020/12/18 15:53:09 1 4096 65614610 50266024 7482542 27 210846 0 78555 0 6091 0 0 2097152 0 0
SEP
MEM comp06 1608324790 2020/12/18 15:53:10 1 4096 65614610 49989852 7619687 27 211144 1 78859 0 6091 0 0 2097152 0 0
SEP
MEM comp06 1608324791 2020/12/18 15:53:11 1 4096 65614610 49711330 7757949 27 211418 1 79131 0 6091 0 0 2097152 0 0
SEP
MEM comp06 1608324792 2020/12/18 15:53:12 1 4096 65614610 49433703 7896253 27 211728 1 79451 0 6091 0 0 2097152 0 0
SEP
MEM comp06 1608324793 2020/12/18 15:53:13 1 4096 65614610 49161990 8032412 27 212002 1 79731 0 6091 0 0 2097152 0 0
SEP
MEM comp06 1608324794 2020/12/18 15:53:14 1 4096 65614610 48882759 8172156 27 212356 0 80083 0 6091 0 0 2097152 0 0
SEP
MEM comp06 1608324795 2020/12/18 15:53:15 1 4096 65614610 48607801 8308784 27 212630 1 80347 0 6091 0 0 2097152 0 0
SEP
MEM comp06 1608324796 2020/12/18 15:53:16 1 4096 65614610 48333235 8445991 27 212972 1 80699 0 6091 0 0 2097152 0 0
SEP
MEM comp06 1608324797 2020/12/18 15:53:17 1 4096 65614610 48059287 8585315 27 213292 1 81019 0 6091 0 0 2097152 0 0
SEP
MEM comp06 1608324798 2020/12/18 15:53:18 1 4096 65614610 47777677 8723429 27 213594 1 81307 0 6091 0 0 2097152 0 0
SEP
MEM comp06 1608324799 2020/12/18 15:53:19 1 4096 65614610 47508306 8858223 27 213868 1 81587 0 6091 0 0 2097152 0 0
SEP
MEM comp06 1608324800 2020/12/18 15:53:20 1 4096 65614610 47231762 8996439 27 214194 2 81907 0 6091 0 0 2097152 0 0
SEP
MEM comp06 1608324801 2020/12/18 15:53:21 1 4096 65614610 46949500 9136317 27 214554 2 82275 0 6091 0 0 2097152 0 0
SEP
MEM comp06 1608324802 2020/12/18 15:53:22 1 4096 65614610 46680161 9272505 27 214846 2 82563 0 6091 0 0 2097152 0 0
SEP
MEM comp06 1608324803 2020/12/18 15:53:23 1 4096 65614610 46400995 9410747 27 215176 2 82875 0 6091 0 0 2097152 0 0
SEP
MEM comp06 1608324804 2020/12/18 15:53:24 1 4096 65614610 46125983 9548473 27 215490 3 83187 0 6091 0 0 2097152 0 0
SEP
MEM comp06 1608324805 2020/12/18 15:53:25 1 4096 65614610 45849475 9686565 27 215788 2 83499 0 6091 0 0 2097152 0 0
SEP
MEM comp06 1608324806 2020/12/18 15:53:26 1 4096 65614610 45572446 9825466 27 216094 2 83803 0 6091 0 0 2097152 0 0
SEP
MEM comp06 1608324807 2020/12/18 15:53:27 1 4096 65614610 45298435 9961147 27 216382 2 84091 0 6091 0 0 2097152 0 0
SEP
MEM comp06 1608324808 2020/12/18 15:53:28 1 4096 65614610 45022979 10098921 27 216663 2 84371 0 6091 0 0 2097152 0 0
SEP
MEM comp06 1608324809 2020/12/18 15:53:29 1 4096 65614610 44744858 10237649 27 217011 2 84715 0 6091 0 0 2097152 0 0
SEP
MEM comp06 1608324810 2020/12/18 15:53:30 1 4096 65614610 44465788 10374719 27 217300 1 84979 0 6091 0 0 2097152 0 0
SEP
MEM comp06 1608324811 2020/12/18 15:53:31 1 4096 65614610 44194855 10511537 27 217588 1 85267 0 6091 0 0 2097152 0 0
SEP
MEM comp06 1608324812 2020/12/18 15:53:32 1 4096 65614610 43912330 10650750 27 217926 1 85579 0 6091 0 0 2097152 0 0
SEP
MEM comp06 1608324813 2020/12/18 15:53:33 1 4096 65614610 43641799 10788398 27 218206 1 85859 0 6091 0 0 2097152 0 0
SEP
MEM comp06 1608324814 2020/12/18 15:53:34 1 4096 65614610 43363717 10925817 27 218506 1 86155 0 6091 0 0 2097152 0 0
SEP
MEM comp06 1608324815 2020/12/18 15:53:35 1 4096 65614610 43088172 11063995 27 218842 1 86483 0 6091 0 0 2097152 0 0
SEP
MEM comp06 1608324816 2020/12/18 15:53:36 1 4096 65614610 42809580 11202244 27 219146 1 86803 0 6091 0 0 2097152 0 0
SEP
MEM comp06 1608324817 2020/12/18 15:53:37 1 4096 65614610 42538205 11338874 27 219434 1 87099 0 6091 0 0 2097152 0 0
SEP
MEM comp06 1608324818 2020/12/18 15:53:38 1 4096 65614610 42255007 11476180 27 219764 1 87403 0 6091 0 0 2097152 0 0
SEP
MEM comp06 1608324819 2020/12/18 15:53:39 1 4096 65614610 41984644 11614268 27 220042 1 87707 0 6091 0 0 2097152 0 0
SEP
MEM comp06 1608324820 2020/12/18 15:53:40 1 4096 65614610 41711730 11749512 27 220330 0 87995 0 6091 0 0 2097152 0 0
SEP
MEM comp06 1608324821 2020/12/18 15:53:41 1 4096 65614610 41433068 11888853 27 220688 1 88347 0 6091 0 0 2097152 0 0
SEP
MEM comp06 1608324822 2020/12/18 15:53:42 1 4096 65614610 41157527 12027566 27 220962 1 88627 0 6091 0 0 2097152 0 0
SEP
MEM comp06 1608324823 2020/12/18 15:53:43 1 4096 65614610 40883498 12164793 27 221326 1 88987 0 6091 0 0 2097152 0 0
SEP
MEM comp06 1608324824 2020/12/18 15:53:44 1 4096 65614610 40602841 12303524 27 221624 1 89283 0 6091 0 0 2097152 0 0
SEP
MEM comp06 1608324825 2020/12/18 15:53:45 1 4096 65614610 40326880 12441638 27 221908 0 89579 0 6091 0 0 2097152 0 0
SEP
MEM comp06 1608324826 2020/12/18 15:53:46 1 4096 65614610 40049280 12578522 27 222214 1 89883 0 6091 0 0 2097152 0 0
SEP
MEM comp06 1608324827 2020/12/18 15:53:47 1 4096 65614610 39778324 12715196 27 222582 1 90251 0 6091 0 0 2097152 0 0
SEP
MEM comp06 1608324828 2020/12/18 15:53:48 1 4096 65614610 39503818 12852355 27 222860 1 90515 0 6091 0 0 2097152 0 0
SEP
MEM comp06 1608324829 2020/12/18 15:53:49 1 4096 65614610 39225188 12991163 27 223228 1 90867 0 6091 0 0 2097152 0 0
SEP
MEM comp06 1608324830 2020/12/18 15:53:50 1 4096 65614610 38950243 13127760 27 223482 0 91147 0 6091 0 0 2097152 0 0
SEP
MEM comp06 1608324831 2020/12/18 15:53:51 1 4096 65614610 38676752 13267115 27 223814 1 91475 0 6091 0 0 2097152 0 0
SEP
MEM comp06 1608324832 2020/12/18 15:53:52 1 4096 65614610 38393585 13404784 27 224122 1 91779 0 6091 0 0 2097152 0 0
SEP
MEM comp06 1608324833 2020/12/18 15:53:53 1 4096 65614610 38121637 13542626 27 224442 1 92099 0 6091 0 0 2097152 0 0
SEP
MEM comp06 1608324834 2020/12/18 15:53:54 1 4096 65614610 37844084 13680194 27 224712 1 92387 0 6091 0 0 2097152 0 0
SEP
MEM comp06 1608324835 2020/12/18 15:53:55 1 4096 65614610 37576242 13816351 27 225026 0 92683 0 6091 0 0 2097152 0 0
SEP
MEM comp06 1608324836 2020/12/18 15:53:56 1 4096 65614610 37290905 13954751 27 225384 1 93035 0 6091 0 0 2097152 0 0
SEP
MEM comp06 1608324837 2020/12/18 15:53:57 1 4096 65614610 37015449 14092808 27 225674 1 93331 0 6091 0 0 2097152 0 0
SEP
MEM comp06 1608324838 2020/12/18 15:53:58 1 4096 65614610 36739946 14230306 27 226004 2 93651 0 6091 0 0 2097152 0 0
SEP
MEM comp06 1608324839 2020/12/18 15:53:59 1 4096 65614610 36465965 14368710 27 226304 2 93955 0 6091 0 0 2097152 0 0
SEP
MEM comp06 1608324840 2020/12/18 15:54:00 1 4096 65614610 36186347 14506507 27 226602 0 94275 0 6091 0 0 2097152 0 0
SEP
MEM comp06 1608324841 2020/12/18 15:54:01 1 4096 65614610 35908177 14642828 27 226912 1 94563 0 6091 0 0 2097152 0 0
SEP
MEM comp06 1608324842 2020/12/18 15:54:02 1 4096 65614610 35630682 14782677 27 227250 1 94931 0 6091 0 0 2097152 0 0
SEP
MEM comp06 1608324843 2020/12/18 15:54:03 1 4096 65614610 35362372 14918045 27 227510 1 95179 0 6091 0 0 2097152 0 0
SEP
MEM comp06 1608324844 2020/12/18 15:54:04 1 4096 65614610 35086308 15056999 27 227864 1 95515 0 6091 0 0 2097152 0 0
SEP
MEM comp06 1608324845 2020/12/18 15:54:05 1 4096 65614610 34804628 15195365 27 228175 0 95819 0 6091 0 0 2097152 0 0
SEP
MEM comp06 1608324846 2020/12/18 15:54:06 1 4096 65614610 34530089 15331893 27 228509 1 96131 0 6091 0 0 2097152 0 0
SEP
MEM comp06 1608324847 2020/12/18 15:54:07 1 4096 65614610 34255593 15471803 27 228845 1 96475 0 6091 0 0 2097152 0 0
SEP
MEM comp06 1608324848 2020/12/18 15:54:08 1 4096 65614610 33979042 15608906 27 229165 1 96779 0 6091 0 0 2097152 0 0
SEP
MEM comp06 1608324849 2020/12/18 15:54:09 1 4096 65614610 33699947 15745728 27 229443 1 97075 0 6091 0 0 2097152 0 0
SEP
MEM comp06 1608324850 2020/12/18 15:54:10 1 4096 65614610 33429022 15883984 27 229773 0 97395 0 6091 0 0 2097152 0 0
SEP
MEM comp06 1608324851 2020/12/18 15:54:11 1 4096 65614610 33151505 16021662 27 230061 1 97707 0 6091 0 0 2097152 0 0
SEP
MEM comp06 1608324852 2020/12/18 15:54:12 1 4096 65614610 32876489 16158874 27 230365 1 98003 0 6091 0 0 2097152 0 0
SEP
MEM comp06 1608324853 2020/12/18 15:54:13 1 4096 65614610 32600907 16296322 27 230727 1 98339 0 6091 0 0 2097152 0 0
SEP
MEM comp06 1608324854 2020/12/18 15:54:14 1 4096 65614610 32323380 16434439 27 230959 1 98595 0 6091 0 0 2097152 0 0
SEP
MEM comp06 1608324855 2020/12/18 15:54:15 1 4096 65614610 32046836 16572353 27 231285 1 98923 0 6091 0 0 2097152 0 0
SEP
MEM comp06 1608324856 2020/12/18 15:54:16 1 4096 65614610 31773870 16709567 27 231587 1 99211 0 6091 0 0 2097152 0 0
SEP
MEM comp06 1608324857 2020/12/18 15:54:17 1 4096 65614610 31490684 16847643 27 231907 1 99531 0 6091 0 0 2097152 0 0
SEP
MEM comp06 1608324858 2020/12/18 15:54:18 1 4096 65614610 31218779 16985025 27 232191 1 99803 0 6091 0 0 2097152 0 0
SEP
MEM comp06 1608324859 2020/12/18 15:54:19 1 4096 65614610 30814474 17250203 27 232735 127513 100355 0 6091 0 0 2097152 0 0
SEP
MEM comp06 1608324860 2020/12/18 15:54:20 1 4096 65614610 30542685 17992756 27 234409 732378 102019 0 6091 0 0 2097152 0 0
SEP
MEM comp06 1608324861 2020/12/18 15:54:21 1 4096 65614610 29652983 18132110 27 234753 732423 102363 0 6091 0 0 2097152 0 0
SEP
MEM comp06 1608324862 2020/12/18 15:54:22 1 4096 65614610 29380018 18267222 27 235079 732423 102699 0 6091 0 0 2097152 0 0
SEP
MEM comp06 1608324863 2020/12/18 15:54:23 1 4096 65614610 29105995 18404560 27 235373 732423 102995 0 6091 0 0 2097152 0 0
SEP
MEM comp06 1608324864 2020/12/18 15:54:24 1 4096 65614610 28830526 18541128 27 235681 732423 103299 0 6091 0 0 2097152 0 0
SEP
MEM comp06 1608324865 2020/12/18 15:54:25 1 4096 65614610 28551374 18680945 27 235989 732422 103619 0 6091 0 0 2097152 0 0
SEP
MEM comp06 1608324866 2020/12/18 15:54:26 1 4096 65614610 27772079 19330464 27 237403 1249041 105019 0 6091 0 0 2097152 0 0
SEP
MEM comp06 1608324867 2020/12/18 15:54:27 1 4096 65614610 27513922 19664460 27 238247 1452076 105819 0 6091 0 0 2097152 0 0
SEP
MEM comp06 1608324868 2020/12/18 15:54:28 1 4096 65614610 27070562 19784816 27 238559 1443940 106123 0 6091 0 0 2097152 0 0
SEP
MEM comp06 1608324869 2020/12/18 15:54:29 1 4096 65614610 26821540 19907302 27 238896 1437732 106403 0 6091 0 0 2097152 0 0
SEP
MEM comp06 1608324870 2020/12/18 15:54:30 1 4096 65614610 26127929 20471279 27 240086 1873690 107563 0 6091 0 0 2097152 0 0
SEP
MEM comp06 1608324871 2020/12/18 15:54:31 1 4096 65614610 26073159 21611613 27 242686 2886618 110123 0 6091 0 0 2097152 0 0
SEP
MEM comp06 1608324872 2020/12/18 15:54:32 1 4096 65614610 24343926 22004119 27 243656 3150932 111059 0 6091 0 0 2097152 0 0
SEP
MEM comp06 1608324873 2020/12/18 15:54:33 1 4096 65614610 23419010 23430955 27 246824 4449907 114227 0 6091 0 0 2097152 0 0
SEP
MEM comp06 1608324874 2020/12/18 15:54:34 1 4096 65614610 22906381 24505557 27 249152 5403060 116715 0 6091 0 0 2097152 0 0
SEP
MEM comp06 1608324875 2020/12/18 15:54:35 1 4096 65614610 22375154 24925519 27 250112 5716502 117691 0 6091 0 0 2097152 0 0
SEP
MEM comp06 1608324876 2020/12/18 15:54:36 1 4096 65614610 20898015 25899383 27 252252 6578002 119819 0 6091 0 0 2097152 0 0
SEP
MEM comp06 1608324877 2020/12/18 15:54:37 1 4096 65614610 18591389 29494728 27 259900 10063289 127451 0 6091 0 0 2097152 0 0
SEP
MEM comp06 1608324878 2020/12/18 15:54:38 1 4096 65614610 16265501 32121545 27 266036 12582622 133547 0 6091 0 0 2097152 0 0
SEP
MEM comp06 1608324879 2020/12/18 15:54:39 1 4096 65614610 13013148 33945900 27 270662 14300631 138195 0 6091 0 0 2097152 0 0
SEP
MEM comp06 1608324880 2020/12/18 15:54:40 1 4096 65614610 12119233 34976227 27 272904 15227600 140411 0 6091 0 0 2097152 0 0
SEP
MEM comp06 1608324881 2020/12/18 15:54:41 1 4096 65614610 11267664 35701042 27 274702 15850044 142187 0 6091 0 0 2097152 0 0
SEP
MEM comp06 1608324882 2020/12/18 15:54:42 1 4096 65614610 10615421 36158733 27 275722 16212456 143219 0 6091 0 0 2097152 0 0
SEP
MEM comp06 1608324883 2020/12/18 15:54:43 1 4096 65614610 10318194 36455365 27 276384 16423508 143891 0 6091 0 0 2097152 0 0
SEP
MEM comp06 1608324884 2020/12/18 15:54:44 1 4096 65614610 10104101 36668906 27 276932 16559283 144379 0 6091 0 0 2097152 0 0
SEP
MEM comp06 1608324885 2020/12/18 15:54:45 1 4096 65614610 9965814 36807180 27 277108 16633745 144595 0 6091 0 0 2097152 0 0
SEP
MEM comp06 1608324886 2020/12/18 15:54:46 1 4096 65614610 9909037 36863455 27 277300 16605474 144811 0 6091 0 0 2097152 0 0
SEP
MEM comp06 1608324887 2020/12/18 15:54:47 1 4096 65614610 9869664 36902927 27 277400 16519877 144891 0 6091 0 0 2097152 0 0
SEP
MEM comp06 1608324888 2020/12/18 15:54:48 1 4096 65614610 9834982 36937438 27 277456 16450104 144963 0 6091 0 0 2097152 0 0
SEP
MEM comp06 1608324889 2020/12/18 15:54:49 1 4096 65614610 9804508 36968469 27 277544 16374097 145043 0 6091 0 0 2097152 0 0
SEP
MEM comp06 1608324890 2020/12/18 15:54:50 1 4096 65614610 9774643 36997806 27 277612 16308538 145115 0 6091 0 0 2097152 0 0
SEP
MEM comp06 1608324891 2020/12/18 15:54:51 1 4096 65614610 9747139 37025329 27 277676 16218029 145171 0 6091 0 0 2097152 0 0
SEP
MEM comp06 1608324892 2020/12/18 15:54:52 1 4096 65614610 9720909 37051436 27 277718 16120022 145235 0 6091 0 0 2097152 0 0
SEP
MEM comp06 1608324893 2020/12/18 15:54:53 1 4096 65614610 9692734 37079503 27 277776 16044145 145291 0 6091 0 0 2097152 0 0
SEP
MEM comp06 1608324894 2020/12/18 15:54:54 1 4096 65614610 9665826 37106505 27 277882 15968235 145363 0 6091 0 0 2097152 0 0
SEP
MEM comp06 1608324895 2020/12/18 15:54:55 1 4096 65614610 9635525 37136636 27 278020 15871430 145419 0 6091 0 0 2097152 0 0
SEP
MEM comp06 1608324896 2020/12/18 15:54:56 1 4096 65614610 9595628 37176582 27 278024 15786973 145515 0 6091 0 0 2097152 0 0
SEP
MEM comp06 1608324897 2020/12/18 15:54:57 1 4096 65614610 9549227 37223338 27 278104 15730316 145587 0 6091 0 0 2097152 0 0
SEP
MEM comp06 1608324898 2020/12/18 15:54:58 1 4096 65614610 9497632 37274556 27 278244 15675739 145731 0 6091 0 0 2097152 0 0
SEP
MEM comp06 1608324899 2020/12/18 15:54:59 1 4096 65614610 9442828 37329022 27 278388 15609621 145883 0 6091 0 0 2097152 0 0
SEP
MEM comp06 1608324900 2020/12/18 15:55:00 1 4096 65614610 9382400 37389380 27 278490 15568105 145987 0 6091 0 0 2097152 0 0
SEP
MEM comp06 1608324901 2020/12/18 15:55:01 1 4096 65614610 9319934 37451610 27 278642 15526427 146147 0 6091 0 0 2097152 0 0
SEP
MEM comp06 1608324902 2020/12/18 15:55:02 1 4096 65614610 9253792 37518310 27 278752 15471955 146227 0 6091 0 0 2097152 0 0
SEP
MEM comp06 1608324903 2020/12/18 15:55:03 1 4096 65614610 9182315 37588995 27 278952 15438406 146459 0 6091 0 0 2097152 0 0
SEP
MEM comp06 1608324904 2020/12/18 15:55:04 1 4096 65614610 9109222 37661901 27 279140 15396050 146611 0 6091 0 0 2097152 0 0
SEP
MEM comp06 1608324905 2020/12/18 15:55:05 1 4096 65614610 9032439 37738569 27 279196 15367902 146787 0 6091 0 0 2097152 0 0
SEP
MEM comp06 1608324906 2020/12/18 15:55:06 1 4096 65614610 8950901 37819733 27 279576 15322582 146971 0 6091 0 0 2097152 0 0
SEP
MEM comp06 1608324907 2020/12/18 15:55:07 1 4096 65614610 8867445 37902775 27 279772 15306706 147107 0 6091 0 0 2097152 0 0
SEP
MEM comp06 1608324908 2020/12/18 15:55:08 1 4096 65614610 8782916 37987417 27 279876 15289561 147363 0 6091 0 0 2097152 0 0
SEP
MEM comp06 1608324909 2020/12/18 15:55:09 1 4096 65614610 8695298 38074761 27 280162 15250441 147555 0 6091 0 0 2097152 0 0
SEP
MEM comp06 1608324910 2020/12/18 15:55:10 1 4096 65614610 8604546 38165383 27 280348 15233993 147771 0 6091 0 0 2097152 0 0
SEP
MEM comp06 1608324911 2020/12/18 15:55:11 1 4096 65614610 8512229 38257483 27 280496 15226827 147971 0 6091 0 0 2097152 0 0
SEP
MEM comp06 1608324912 2020/12/18 15:55:12 1 4096 65614610 8608633 38360643 27 280614 15236868 148107 0 6091 0 0 2097152 0 0
SEP
MEM comp06 1608324913 2020/12/18 15:55:13 1 4096 65614610 8307982 38461218 27 280960 15226794 148443 0 6091 0 0 2097152 0 0
SEP
MEM comp06 1608324914 2020/12/18 15:55:14 1 4096 65614610 8208249 38560716 27 281160 15212684 148667 0 6091 0 0 2097152 0 0
SEP
MEM comp06 1608324915 2020/12/18 15:55:15 1 4096 65614610 8106748 38661432 27 281462 15188346 148891 0 6091 0 0 2097152 0 0
SEP
MEM comp06 1608324916 2020/12/18 15:55:16 1 4096 65614610 8007317 38761154 27 281676 15185218 149115 0 6091 0 0 2097152 0 0
SEP
MEM comp06 1608324917 2020/12/18 15:55:17 1 4096 65614610 7908097 38859856 27 281962 15170772 149259 0 6091 0 0 2097152 0 0
SEP
MEM comp06 1608324918 2020/12/18 15:55:18 1 4096 65614610 7802708 38965698 27 282060 15152786 149579 0 6091 0 0 2097152 0 0
SEP
MEM comp06 1608324919 2020/12/18 15:55:19 1 4096 65614610 7696591 39071366 27 282288 15146134 149835 0 6091 0 0 2097152 0 0
SEP
MEM comp06 1608324920 2020/12/18 15:55:20 1 4096 65614610 7591506 39176010 27 282580 15155244 149979 0 6091 0 0 2097152 0 0
SEP
MEM comp06 1608324921 2020/12/18 15:55:21 1 4096 65614610 7487298 39280054 27 282792 15135296 150275 0 6091 0 0 2097152 0 0
SEP
MEM comp06 1608324922 2020/12/18 15:55:22 1 4096 65614610 7382427 39384702 27 283026 15125757 150523 0 6091 0 0 2097152 0 0
SEP
MEM comp06 1608324923 2020/12/18 15:55:23 1 4096 65614610 7276751 39489824 27 283214 15116070 150715 0 6091 0 0 2097152 0 0
SEP
MEM comp06 1608324924 2020/12/18 15:55:24 1 4096 65614610 7170771 39595852 27 283520 15121932 151019 0 6091 0 0 2097152 0 0
SEP
MEM comp06 1608324925 2020/12/18 15:55:25 1 4096 65614610 7065476 39700912 27 283738 15108226 151251 0 6091 0 0 2097152 0 0
SEP
MEM comp06 1608324926 2020/12/18 15:55:26 1 4096 65614610 6958098 39808032 27 284002 15090336 151491 0 6091 0 0 2097152 0 0
SEP
MEM comp06 1608324927 2020/12/18 15:55:27 1 4096 65614610 6849716 39916182 27 284234 15102230 151731 0 6091 0 0 2097152 0 0
SEP
MEM comp06 1608324928 2020/12/18 15:55:28 1 4096 65614610 6745673 40020222 27 284422 15125742 151875 0 6091 0 0 2097152 0 0
SEP
MEM comp06 1608324929 2020/12/18 15:55:29 1 4096 65614610 6643457 40121976 27 284708 15147376 152219 0 6091 0 0 2097152 0 0
SEP
MEM comp06 1608324930 2020/12/18 15:55:30 1 4096 65614610 6545254 40220014 27 284946 15171504 152443 0 6091 0 0 2097152 0 0
SEP
MEM comp06 1608324931 2020/12/18 15:55:31 1 4096 65614610 6449579 40314774 27 285238 15190488 152643 0 6091 0 0 2097152 0 0
SEP
MEM comp06 1608324932 2020/12/18 15:55:32 1 4096 65614610 6358740 40406352 27 285222 15207830 152827 0 6091 0 0 2097152 0 0
SEP
MEM comp06 1608324933 2020/12/18 15:55:33 1 4096 65614610 6816928 40500826 27 285524 15226754 152971 0 6091 0 0 2097152 0 0
SEP
MEM comp06 1608324934 2020/12/18 15:55:34 1 4096 65614610 6740806 40606544 27 285796 15260672 153307 0 6091 0 0 2097152 0 0
SEP
MEM comp06 1608324935 2020/12/18 15:55:35 1 4096 65614610 6062232 40701596 27 286004 15280802 153507 0 6091 0 0 2097152 0 0
SEP
MEM comp06 1608324936 2020/12/18 15:55:36 1 4096 65614610 5976849 40787336 27 286144 15274918 153659 0 6091 0 0 2097152 0 0
SEP
MEM comp06 1608324937 2020/12/18 15:55:37 1 4096 65614610 5888923 40874947 27 286308 15262243 153907 0 6091 0 0 2097152 0 0
SEP
MEM comp06 1608324938 2020/12/18 15:55:38 1 4096 65614610 5802472 40961051 27 286568 15232628 154115 0 6091 0 0 2097152 0 0
SEP
MEM comp06 1608324939 2020/12/18 15:55:39 1 4096 65614610 5712479 41051234 27 286836 15196023 154275 0 6091 0 0 2097152 0 0
SEP
MEM comp06 1608324940 2020/12/18 15:55:40 1 4096 65614610 5613326 41149844 27 287036 15184341 154547 0 6091 0 0 2097152 0 0
SEP
MEM comp06 1608324941 2020/12/18 15:55:41 1 4096 65614610 5514237 41248845 27 287288 15167452 154723 0 6091 0 0 2097152 0 0
SEP
MEM comp06 1608324942 2020/12/18 15:55:42 1 4096 65614610 5413630 41349160 27 287510 15176730 154963 0 6091 0 0 2097152 0 0
SEP
MEM comp06 1608324943 2020/12/18 15:55:43 1 4096 65614610 5314516 41448202 27 287632 15154345 155227 0 6091 0 0 2097152 0 0
SEP
MEM comp06 1608324944 2020/12/18 15:55:44 1 4096 65614610 5212471 41549752 27 287980 15129789 155443 0 6091 0 0 2097152 0 0
SEP
MEM comp06 1608324945 2020/12/18 15:55:45 1 4096 65614610 5108966 41653060 27 288152 15110605 155675 0 6091 0 0 2097152 0 0
SEP
MEM comp06 1608324946 2020/12/18 15:55:46 1 4096 65614610 5004213 41757580 27 288388 15108619 155939 0 6091 0 0 2097152 0 0
SEP
MEM comp06 1608324947 2020/12/18 15:55:47 1 4096 65614610 4899015 41862502 27 288670 15090661 156155 0 6091 0 0 2097152 0 0
SEP
MEM comp06 1608324948 2020/12/18 15:55:48 1 4096 65614610 4792117 41969220 27 288910 15089796 156387 0 6091 0 0 2097152 0 0
SEP
MEM comp06 1608324949 2020/12/18 15:55:49 1 4096 65614610 4686405 42074731 27 289088 15100880 156619 0 6091 0 0 2097152 0 0
SEP
MEM comp06 1608324950 2020/12/18 15:55:50 1 4096 65614610 4583425 42177469 27 289310 15107732 156851 0 6091 0 0 2097152 0 0
SEP
MEM comp06 1608324951 2020/12/18 15:55:51 1 4096 65614610 4480715 42279966 27 289588 15103647 157123 0 6091 0 0 2097152 0 0
SEP
MEM comp06 1608324952 2020/12/18 15:55:52 1 4096 65614610 4375852 42384499 27 289858 15083250 157347 0 6091 0 0 2097152 0 0
SEP
MEM comp06 1608324953 2020/12/18 15:55:53 1 4096 65614610 4268379 42491807 27 290162 15063969 157563 0 6091 0 0 2097152 0 0
SEP
MEM comp06 1608324954 2020/12/18 15:55:54 1 4096 65614610 4159651 42600172 27 290378 15045483 157835 0 6091 0 0 2097152 0 0
SEP
MEM comp06 1608324955 2020/12/18 15:55:55 1 4096 65614610 4049172 42710521 27 290502 15044288 158059 0 6091 0 0 2097152 0 0
SEP
MEM comp06 1608324956 2020/12/18 15:55:56 1 4096 65614610 3939527 42819865 27 290800 15046050 158347 0 6091 0 0 2097152 0 0
SEP
MEM comp06 1608324957 2020/12/18 15:55:57 1 4096 65614610 3829982 42929209 27 291012 15050960 158555 0 6091 0 0 2097152 0 0
SEP
MEM comp06 1608324958 2020/12/18 15:55:58 1 4096 65614610 3722046 43036744 27 291428 15058118 158827 0 6091 0 0 2097152 0 0
SEP
MEM comp06 1608324959 2020/12/18 15:55:59 1 4096 65614610 3612003 43146691 27 291508 15045186 159051 0 6091 0 0 2097152 0 0
SEP
MEM comp06 1608324960 2020/12/18 15:56:00 1 4096 65614610 3500894 43257617 27 291814 15043436 159339 0 6091 0 0 2097152 0 0
SEP
MEM comp06 1608324961 2020/12/18 15:56:01 1 4096 65614610 3389683 43368394 27 292124 15047241 159555 0 6091 0 0 2097152 0 0
SEP
MEM comp06 1608324962 2020/12/18 15:56:02 1 4096 65614610 3278970 43478944 27 292286 15038047 159835 0 6091 0 0 2097152 0 0
SEP
MEM comp06 1608324963 2020/12/18 15:56:03 1 4096 65614610 3168178 43589494 27 292520 15031348 160051 0 6091 0 0 2097152 0 0
SEP
MEM comp06 1608324964 2020/12/18 15:56:04 1 4096 65614610 3057376 43699843 27 292974 15038722 160339 0 6091 0 0 2097152 0 0
SEP
MEM comp06 1608324965 2020/12/18 15:56:05 1 4096 65614610 2948332 43808785 27 293084 15051920 160555 0 6091 0 0 2097152 0 0
SEP
MEM comp06 1608324966 2020/12/18 15:56:06 1 4096 65614610 2839051 43917727 27 293424 15034398 160835 0 6091 0 0 2097152 0 0
SEP
MEM comp06 1608324967 2020/12/18 15:56:07 1 4096 65614610 2729540 44027072 27 293586 15050047 161051 0 6091 0 0 2097152 0 0
SEP
MEM comp06 1608324968 2020/12/18 15:56:08 1 4096 65614610 2621801 44134607 27 293798 15065502 161339 0 6091 0 0 2097152 0 0
SEP
MEM comp06 1608324969 2020/12/18 15:56:09 1 4096 65614610 2516074 44240132 27 294000 15062914 161555 0 6091 0 0 2097152 0 0
SEP
MEM comp06 1608324970 2020/12/18 15:56:10 1 4096 65614610 2407880 44348069 27 294254 15046491 161779 0 6091 0 0 2097152 0 0
SEP
MEM comp06 1608324971 2020/12/18 15:56:11 1 4096 65614610 2299066 44456715 27 294478 15044943 161987 0 6091 0 0 2097152 0 0
SEP
MEM comp06 1608324972 2020/12/18 15:56:12 1 4096 65614610 2190181 44565496 27 294620 15051638 162251 0 6091 0 0 2097152 0 0
SEP
MEM comp06 1608324973 2020/12/18 15:56:13 1 4096 65614610 2082616 44672671 27 294984 15054623 162547 0 6091 0 0 2097152 0 0
SEP
MEM comp06 1608324974 2020/12/18 15:56:14 1 4096 65614610 1973325 44781626 27 295250 15037112 162763 0 6091 0 0 2097152 0 0
SEP
MEM comp06 1608324975 2020/12/18 15:56:15 1 4096 65614610 1862051 44892578 27 295568 15029068 163035 0 6091 0 0 2097152 0 0
SEP
MEM comp06 1608324976 2020/12/18 15:56:16 1 4096 65614610 1752124 45002324 27 295742 15042258 163267 0 6091 0 0 2097152 0 0
SEP
MEM comp06 1608324977 2020/12/18 15:56:17 1 4096 65614610 1643940 45110261 27 296008 15054451 163547 0 6091 0 0 2097152 0 0
SEP
MEM comp06 1608324978 2020/12/18 15:56:18 1 4096 65614610 1536249 45217595 27 296368 15060410 163755 0 6091 0 0 2097152 0 0
SEP
MEM comp06 1608324979 2020/12/18 15:56:19 1 4096 65614610 1511547 45242198 27 296592 15069632 164011 0 6091 0 0 2097152 0 0
SEP
MEM comp06 1608324980 2020/12/18 15:56:20 1 4096 65614610 1406210 45347288 27 296782 15076057 164251 0 6091 0 0 2097152 0 0
SEP
MEM comp06 1608324981 2020/12/18 15:56:21 1 4096 65614610 1384348 45368999 27 297002 15085561 164483 0 6091 0 0 2097152 0 0
SEP
MEM comp06 1608324982 2020/12/18 15:56:22 1 4096 65614610 1365203 45387721 27 297352 15105844 164747 0 6091 0 0 2097152 0 0
SEP
MEM comp06 1608324983 2020/12/18 15:56:23 1 4096 65614610 1265046 45487819 27 297450 15129782 164955 0 6091 0 0 2097152 0 0
SEP
MEM comp06 1608324984 2020/12/18 15:56:24 1 4096 65614610 1251577 45501016 27 297724 15151492 165155 0 6091 0 0 2097152 0 0
SEP
MEM comp06 1608324985 2020/12/18 15:56:25 1 4096 65614610 1157746 45594682 27 297878 15173590 165355 0 6091 0 0 2097152 0 0
SEP
MEM comp06 1608324986 2020/12/18 15:56:26 1 4096 65614610 1067497 45684721 27 298098 15189789 165563 0 6091 0 0 2097152 0 0
SEP
MEM comp06 1608324987 2020/12/18 15:56:27 1 4096 65614610 979929 45772087 27 298348 15175205 165763 0 6091 0 0 2097152 0 0
SEP
MEM comp06 1608324988 2020/12/18 15:56:28 1 4096 65614610 890331 45861620 27 298444 15160828 165963 0 6091 0 0 2097152 0 0
SEP
MEM comp06 1608324989 2020/12/18 15:56:29 1 4096 65614610 797796 45953875 27 298650 15146191 166187 0 6091 0 0 2097152 0 0
SEP
MEM comp06 1608324990 2020/12/18 15:56:30 1 4096 65614610 703538 46047844 27 298954 15141776 166403 0 6091 0 0 2097152 0 0
SEP
MEM comp06 1608324991 2020/12/18 15:56:31 1 4096 65614610 1139147 46155553 27 299140 15125362 166627 0 6091 0 0 2097152 0 0
SEP
MEM comp06 1608324992 2020/12/18 15:56:32 1 4096 65614610 670648 46272771 27 299404 15115794 166931 0 6091 0 0 2097152 0 0
SEP
MEM comp06 1608324993 2020/12/18 15:56:33 1 4096 65614610 591438 46159324 27 299644 15120777 167155 0 6091 0 0 2097152 0 0
SEP
MEM comp06 1608324994 2020/12/18 15:56:34 1 4096 65614610 629112 46121256 27 299888 15119831 167395 0 6091 0 0 2097152 0 0
SEP
MEM comp06 1608324995 2020/12/18 15:56:35 1 4096 65614610 677304 46072666 27 300262 15097266 167643 0 6091 0 0 2097152 0 0
SEP
MEM comp06 1608324996 2020/12/18 15:56:36 1 4096 65614610 569762 46180195 27 300338 15101767 167827 0 6091 0 0 2097152 0 0
SEP
MEM comp06 1608324997 2020/12/18 15:56:37 1 4096 65614610 514529 46238545 27 300644 15117235 168083 0 6091 0 0 2097152 0 0
SEP
MEM comp06 1608324998 2020/12/18 15:56:38 1 4096 65614610 511562 46241343 27 300848 15121065 168331 0 6091 0 0 2097152 0 0
SEP
MEM comp06 1608324999 2020/12/18 15:56:39 1 4096 65614610 470708 46281915 27 301082 15131377 168563 0 6091 0 0 2097152 0 0
SEP
MEM comp06 1608325000 2020/12/18 15:56:40 1 4096 65614610 468797 46283676 27 301302 15138630 168787 0 6091 0 0 2097152 0 0
SEP
MEM comp06 1608325001 2020/12/18 15:56:41 1 4096 65614610 417926 46334698 27 301474 15137736 168955 0 6091 0 0 2097152 0 0
SEP
MEM comp06 1608325002 2020/12/18 15:56:42 1 4096 65614610 356985 46395021 27 301844 15148269 169243 0 6091 0 0 2097152 0 0
SEP
MEM comp06 1608325003 2020/12/18 15:56:43 1 4096 65614610 260775 46490978 27 301990 15161034 169459 0 6091 0 0 2097152 0 0
SEP
MEM comp06 1608325004 2020/12/18 15:56:44 1 4096 65614610 307292 46444246 27 302164 15174046 169659 0 6091 0 0 2097152 0 0
SEP
MEM comp06 1608325005 2020/12/18 15:56:45 1 4096 65614610 295578 46455774 27 302412 15199056 169875 0 6091 0 0 2097152 0 0
SEP
MEM comp06 1608325006 2020/12/18 15:56:46 1 4096 65614610 249061 46501997 27 302584 15227999 170027 0 6091 0 0 2097152 0 0
SEP
MEM comp06 1608325007 2020/12/18 15:56:47 1 4096 65614610 258270 46492664 27 302850 15247620 170251 0 6091 0 0 2097152 0 0
SEP
MEM comp06 1608325008 2020/12/18 15:56:48 1 4096 65614610 267845 46482835 27 302996 15270228 170443 0 6091 0 0 2097152 0 0
SEP
MEM comp06 1608325009 2020/12/18 15:56:49 1 4096 65614610 280709 46469773 27 303218 15268718 170603 0 6091 0 0 2097152 0 0
SEP
MEM comp06 1608325010 2020/12/18 15:56:50 1 4096 65614610 288526 46461884 27 303280 15235321 170763 0 6091 0 0 2097152 0 0
SEP
MEM comp06 1608325011 2020/12/18 15:56:51 1 4096 65614610 292273 46458013 27 303418 15194602 170875 0 6091 0 0 2097152 0 0
SEP
MEM comp06 1608325012 2020/12/18 15:56:52 1 4096 65614610 251550 46498512 27 303592 15181807 171099 0 6091 0 0 2097152 0 0
SEP
MEM comp06 1608325013 2020/12/18 15:56:53 1 4096 65614610 271810 46478234 27 303746 15172091 171211 0 6091 0 0 2097152 0 0
SEP
MEM comp06 1608325014 2020/12/18 15:56:54 1 4096 65614610 294567 46455147 27 303970 15164064 171475 0 6091 0 0 2097152 0 0
SEP
MEM comp06 1608325015 2020/12/18 15:56:55 1 4096 65614610 1221164 46552223 27 304258 15155757 171683 0 6091 0 0 2097152 0 0
SEP
MEM comp06 1608325016 2020/12/18 15:56:56 1 4096 65614610 197238 46662625 27 304452 15146066 171923 0 6091 0 0 2097152 0 0
SEP
MEM comp06 1608325017 2020/12/18 15:56:57 1 4096 65614610 245316 46503520 27 304680 15134702 172139 0 6091 0 0 2097152 0 0
SEP
MEM comp06 1608325018 2020/12/18 15:56:58 1 4096 65614610 243705 46504824 27 304932 15113938 172395 0 6091 0 0 2097152 0 0
SEP
MEM comp06 1608325019 2020/12/18 15:56:59 1 4096 65614610 343469 46404846 27 305194 15108410 172619 0 6091 0 0 2097152 0 0
SEP
MEM comp06 1608325020 2020/12/18 15:57:00 1 4096 65614610 296709 46451441 27 305418 15105517 172843 0 6091 0 0 2097152 0 0
SEP
MEM comp06 1608325021 2020/12/18 15:57:01 1 4096 65614610 289498 46458812 27 305528 15078411 173003 0 6091 0 0 2097152 0 0
SEP
MEM comp06 1608325022 2020/12/18 15:57:02 1 4096 65614610 328136 46419472 27 305874 15057203 173267 0 6091 0 0 2097152 0 0
SEP
MEM comp06 1608325023 2020/12/18 15:57:03 1 4096 65614610 931208 46500908 27 306118 15060723 173523 0 6091 0 0 2097152 0 0
SEP
MEM comp06 1608325024 2020/12/18 15:57:04 1 4096 65614610 298019 46449495 27 306326 15076922 173747 0 6091 0 0 2097152 0 0
SEP
MEM comp06 1608325025 2020/12/18 15:57:05 1 4096 65614610 285541 46461383 27 306624 15063158 173995 0 6091 0 0 2097152 0 0
SEP
MEM comp06 1608325026 2020/12/18 15:57:06 1 4096 65614610 295426 46451169 27 306870 15057998 174251 0 6091 0 0 2097152 0 0
SEP
MEM comp06 1608325027 2020/12/18 15:57:07 1 4096 65614610 283313 46463534 27 307010 15058155 174405 0 6091 0 0 2097152 0 0
SEP
MEM comp06 1608325028 2020/12/18 15:57:08 1 4096 65614610 316825 46429274 27 307218 15042676 174693 0 6091 0 0 2097152 0 0
SEP
MEM comp06 1608325029 2020/12/18 15:57:09 1 4096 65614610 264695 46481593 27 307414 15021149 174869 0 6091 0 0 2097152 0 0
SEP
MEM comp06 1608325030 2020/12/18 15:57:10 1 4096 65614610 257445 46488338 27 307718 15038686 175205 0 6091 0 0 2097152 0 0
SEP
MEM comp06 1608325031 2020/12/18 15:57:11 1 4096 65614610 718363 46525619 27 307994 15038974 175445 0 6091 0 0 2097152 0 0
SEP
MEM comp06 1608325032 2020/12/18 15:57:12 1 4096 65614610 319440 46425882 27 308148 15039557 175629 0 6091 0 0 2097152 0 0
SEP
MEM comp06 1608325033 2020/12/18 15:57:13 1 4096 65614610 289043 46455779 27 308534 15026177 175949 0 6091 0 0 2097152 0 0
SEP
MEM comp06 1608325034 2020/12/18 15:57:14 1 4096 65614610 242674 46501933 27 308804 15022408 176205 0 6091 0 0 2097152 0 0
SEP
MEM comp06 1608325035 2020/12/18 15:57:15 1 4096 65614610 292600 46451823 27 308956 15008742 176445 0 6091 0 0 2097152 0 0
SEP
MEM comp06 1608325036 2020/12/18 15:57:16 1 4096 65614610 312367 46431811 27 309232 14993040 176685 0 6091 0 0 2097152 0 0
SEP
MEM comp06 1608325037 2020/12/18 15:57:17 1 4096 65614610 288346 46456037 27 309496 14982265 176917 0 6091 0 0 2097152 0 0
SEP
MEM comp06 1608325038 2020/12/18 15:57:18 1 4096 65614610 856709 46499987 27 309790 14989870 177213 0 6091 0 0 2097152 0 0
SEP
MEM comp06 1608325039 2020/12/18 15:57:19 1 4096 65614610 377912 46624236 27 310114 15000967 177517 0 6091 0 0 2097152 0 0
SEP
MEM comp06 1608325040 2020/12/18 15:57:20 1 4096 65614610 290092 46453213 27 310278 15024094 177749 0 6091 0 0 2097152 0 0
SEP
MEM comp06 1608325041 2020/12/18 15:57:21 1 4096 65614610 751756 46549725 27 310564 15012066 177997 0 6091 0 0 2097152 0 0
SEP
MEM comp06 1608325042 2020/12/18 15:57:22 1 4096 65614610 429484 46667376 27 310890 15004755 178261 0 6091 0 0 2097152 0 0
SEP
MEM comp06 1608325043 2020/12/18 15:57:23 1 4096 65614610 303718 46438666 27 311044 15028593 178509 0 6091 0 0 2097152 0 0
SEP
MEM comp06 1608325044 2020/12/18 15:57:24 1 4096 65614610 192957 46548982 27 311294 15029431 178773 0 6091 0 0 2097152 0 0
SEP
MEM comp06 1608325045 2020/12/18 15:57:25 1 4096 65614610 274424 46467280 27 311554 15033225 179021 0 6091 0 0 2097152 0 0
SEP
MEM comp06 1608325046 2020/12/18 15:57:26 1 4096 65614610 284718 46456713 27 311804 15036089 179285 0 6091 0 0 2097152 0 0
SEP
MEM comp06 1608325047 2020/12/18 15:57:27 1 4096 65614610 308652 46432519 27 312062 15049434 179525 0 6091 0 0 2097152 0 0
SEP
MEM comp06 1608325048 2020/12/18 15:57:28 1 4096 65614610 712670 46553289 27 312410 15070403 179813 0 6091 0 0 2097152 0 0
SEP
MEM comp06 1608325049 2020/12/18 15:57:29 1 4096 65614610 208184 46677470 27 312656 15091570 180085 0 6091 0 0 2097152 0 0
SEP
MEM comp06 1608325050 2020/12/18 15:57:30 1 4096 65614610 238619 46501744 27 312888 15103514 180349 0 6091 0 0 2097152 0 0
SEP
MEM comp06 1608325051 2020/12/18 15:57:31 1 4096 65614610 291578 46448360 27 313130 15129332 180597 0 6091 0 0 2097152 0 0
SEP
MEM comp06 1608325052 2020/12/18 15:57:32 1 4096 65614610 263615 46476148 27 313396 15155990 180837 0 6091 0 0 2097152 0 0
SEP
MEM comp06 1608325053 2020/12/18 15:57:33 1 4096 65614610 245567 46494030 27 313578 15173669 181061 0 6091 0 0 2097152 0 0
SEP
MEM comp06 1608325054 2020/12/18 15:57:34 1 4096 65614610 766872 46554065 27 313879 15193609 181301 0 6091 0 0 2097152 0 0
SEP
MEM comp06 1608325055 2020/12/18 15:57:35 1 4096 65614610 256715 46664082 27 314043 15227754 181517 0 6091 0 0 2097152 0 0
SEP
MEM comp06 1608325056 2020/12/18 15:57:36 1 4096 65614610 266521 46472258 27 314299 15255755 181749 0 6091 0 0 2097152 0 0
SEP
MEM comp06 1608325057 2020/12/18 15:57:37 1 4096 65614610 319971 46418384 27 314489 15260069 181949 0 6091 0 0 2097152 0 0
SEP
MEM comp06 1608325058 2020/12/18 15:57:38 1 4096 65614610 282922 46454863 27 314765 15253664 182205 0 6091 0 0 2097152 0 0
SEP
MEM comp06 1608325059 2020/12/18 15:57:39 1 4096 65614610 315259 46422856 27 314923 15220829 182397 0 6091 0 0 2097152 0 0
SEP
MEM comp06 1608325060 2020/12/18 15:57:40 1 4096 65614610 223308 46514564 27 315139 15212752 182597 0 6091 0 0 2097152 0 0
SEP
MEM comp06 1608325061 2020/12/18 15:57:41 1 4096 65614610 252017 46485626 27 315397 15199845 182805 0 6091 0 0 2097152 0 0
SEP
MEM comp06 1608325062 2020/12/18 15:57:42 1 4096 65614610 973046 46211581 27 315735 15181361 183045 0 6091 0 0 2097152 0 0
SEP
MEM comp06 1608325063 2020/12/18 15:57:43 1 4096 65614610 907558 45829734 27 315889 15170034 183269 0 6091 0 0 2097152 0 0
SEP
MEM comp06 1608325064 2020/12/18 15:57:44 1 4096 65614610 809720 45927267 27 316041 15163504 183517 0 6091 0 0 2097152 0 0
SEP
MEM comp06 1608325065 2020/12/18 15:57:45 1 4096 65614610 706856 46029883 27 316299 15141108 183749 0 6091 0 0 2097152 0 0
SEP
MEM comp06 1608325066 2020/12/18 15:57:46 1 4096 65614610 602292 46134115 27 316633 15133725 183997 0 6091 0 0 2097152 0 0
SEP
MEM comp06 1608325067 2020/12/18 15:57:47 1 4096 65614610 1128564 46237887 27 316719 15124925 184229 0 6091 0 0 2097152 0 0
SEP
MEM comp06 1608325068 2020/12/18 15:57:48 1 4096 65614610 784957 46358258 27 316971 15120185 184445 0 6091 0 0 2097152 0 0
SEP
MEM comp06 1608325069 2020/12/18 15:57:49 1 4096 65614610 1942640 46489929 27 317333 15129933 184749 0 6091 0 0 2097152 0 0
SEP
MEM comp06 1608325070 2020/12/18 15:57:50 1 4096 65614610 1354719 46615102 27 317653 15141408 185053 0 6091 0 0 2097152 0 0
SEP
MEM comp06 1608325071 2020/12/18 15:57:51 1 4096 65614610 873753 46730756 27 317905 15147195 185269 0 6091 0 0 2097152 0 0
SEP
MEM comp06 1608325072 2020/12/18 15:57:52 1 4096 65614610 343097 46391776 27 318062 15152079 185477 0 6091 0 0 2097152 0 0
SEP
MEM comp06 1608325073 2020/12/18 15:57:53 1 4096 65614610 225723 46508417 27 318374 15151790 185773 0 6091 0 0 2097152 0 0
SEP
MEM comp06 1608325074 2020/12/18 15:57:54 1 4096 65614610 376321 46357474 27 318564 15143170 186061 0 6091 0 0 2097152 0 0
SEP
MEM comp06 1608325075 2020/12/18 15:57:55 1 4096 65614610 375316 46358990 27 318690 15153678 186197 0 6091 0 0 2097152 0 0
SEP
MEM comp06 1608325076 2020/12/18 15:57:56 1 4096 65614610 236598 46496669 27 319138 15192629 186669 0 6091 0 0 2097152 0 0
SEP
MEM comp06 1608325077 2020/12/18 15:57:57 1 4096 65614610 249708 46483186 27 319524 15227170 187005 0 6091 0 0 2097152 0 0
SEP
MEM comp06 1608325078 2020/12/18 15:57:58 1 4096 65614610 246505 46486097 27 319920 15255694 187381 0 6091 0 0 2097152 0 0
SEP
MEM comp06 1608325079 2020/12/18 15:57:59 1 4096 65614610 271887 46460374 27 320224 15286973 187701 0 6091 0 0 2097152 0 0
SEP
MEM comp06 1608325080 2020/12/18 15:58:00 1 4096 65614610 256713 46475217 27 320558 15302143 188005 0 6091 0 0 2097152 0 0
SEP
MEM comp06 1608325081 2020/12/18 15:58:01 1 4096 65614610 257794 46473844 27 320920 15304610 188301 0 6091 0 0 2097152 0 0
SEP
MEM comp06 1608325082 2020/12/18 15:58:02 1 4096 65614610 241225 46490072 27 321190 15317748 188581 0 6091 0 0 2097152 0 0
SEP
MEM comp06 1608325083 2020/12/18 15:58:03 1 4096 65614610 963321 46501838 27 321432 15331308 188861 0 6091 0 0 2097152 0 0
SEP
MEM comp06 1608325084 2020/12/18 15:58:04 1 4096 65614610 829998 46634970 27 321772 15343484 189157 0 6091 0 0 2097152 0 0
SEP
MEM comp06 1608325085 2020/12/18 15:58:05 1 4096 65614610 699133 46765375 27 322024 15368093 189461 0 6091 0 0 2097152 0 0
SEP
MEM comp06 1608325086 2020/12/18 15:58:06 1 4096 65614610 571306 46892975 27 322364 15369614 189741 0 6091 0 0 2097152 0 0
SEP
MEM comp06 1608325087 2020/12/18 15:58:07 1 4096 65614610 443713 47020357 27 322560 15370597 190037 0 6091 0 0 2097152 0 0
SEP
MEM comp06 1608325088 2020/12/18 15:58:08 1 4096 65614610 316310 47147493 27 322836 15372761 190317 0 6091 0 0 2097152 0 0
SEP
MEM comp06 1608325089 2020/12/18 15:58:09 1 4096 65614610 292110 47171451 27 323138 15372996 190613 0 6091 0 0 2097152 0 0
SEP
MEM comp06 1608325090 2020/12/18 15:58:10 1 4096 65614610 248387 47214762 27 323426 15387834 190893 0 6091 0 0 2097152 0 0
SEP
MEM comp06 1608325091 2020/12/18 15:58:11 1 4096 65614610 249036 47213818 27 323684 15400226 191189 0 6091 0 0 2097152 0 0
SEP
MEM comp06 1608325092 2020/12/18 15:58:12 1 4096 65614610 249884 47212775 27 323964 15409876 191453 0 6091 0 0 2097152 0 0
SEP
MEM comp06 1608325093 2020/12/18 15:58:13 1 4096 65614610 240687 47221673 27 324228 15422548 191725 0 6091 0 0 2097152 0 0
SEP
MEM comp06 1608325094 2020/12/18 15:58:14 1 4096 65614610 248757 47213235 27 324628 15434064 191997 0 6091 0 0 2097152 0 0
SEP
MEM comp06 1608325095 2020/12/18 15:58:15 1 4096 65614610 229743 47232157 27 324778 15423596 192261 0 6091 0 0 2097152 0 0
SEP
MEM comp06 1608325096 2020/12/18 15:58:16 1 4096 65614610 225893 47235711 27 325030 15423880 192525 0 6091 0 0 2097152 0 0
SEP
MEM comp06 1608325097 2020/12/18 15:58:17 1 4096 65614610 229018 47232349 27 325266 15416998 192781 0 6091 0 0 2097152 0 0
SEP
MEM comp06 1608325098 2020/12/18 15:58:18 1 4096 65614610 225340 47235700 27 325584 15410833 193061 0 6091 0 0 2097152 0 0
SEP
MEM comp06 1608325099 2020/12/18 15:58:19 1 4096 65614610 234476 47226237 27 325778 15411852 193269 0 6091 0 0 2097152 0 0
SEP
MEM comp06 1608325100 2020/12/18 15:58:20 1 4096 65614610 1100414 47236311 27 326158 15404579 193589 0 6091 0 0 2097152 0 0
SEP
MEM comp06 1608325101 2020/12/18 15:58:21 1 4096 65614610 866041 47396354 27 326446 15438140 193877 0 6091 0 0 2097152 0 0
SEP
MEM comp06 1608325102 2020/12/18 15:58:22 1 4096 65614610 650280 47543220 27 326880 15466757 194293 0 6091 0 0 2097152 0 0
SEP
MEM comp06 1608325103 2020/12/18 15:58:23 1 4096 65614610 508544 47684563 27 327174 15493476 194597 0 6091 0 0 2097152 0 0
SEP
MEM comp06 1608325104 2020/12/18 15:58:24 1 4096 65614610 371564 47821315 27 327516 15508758 194933 0 6091 0 0 2097152 0 0
SEP
MEM comp06 1608325105 2020/12/18 15:58:25 1 4096 65614610 238958 47953520 27 327794 15513809 195173 0 6091 0 0 2097152 0 0
SEP
MEM comp06 1608325106 2020/12/18 15:58:26 1 4096 65614610 232933 47959395 27 328132 15528700 195525 0 6091 0 0 2097152 0 0
SEP
MEM comp06 1608325107 2020/12/18 15:58:27 1 4096 65614610 275721 47916400 27 328406 15552140 195813 0 6091 0 0 2097152 0 0
SEP
MEM comp06 1608325108 2020/12/18 15:58:28 1 4096 65614610 297994 47893756 27 328646 15568497 196109 0 6091 0 0 2097152 0 0
SEP
MEM comp06 1608325109 2020/12/18 15:58:29 1 4096 65614610 294587 47896925 27 328940 15579776 196397 0 6091 0 0 2097152 0 0
SEP
MEM comp06 1608325110 2020/12/18 15:58:30 1 4096 65614610 252951 47938307 27 329136 15602571 196629 0 6091 0 0 2097152 0 0
SEP
MEM comp06 1608325111 2020/12/18 15:58:31 1 4096 65614610 262049 47928778 27 329566 15617780 196949 0 6091 0 0 2097152 0 0
SEP
MEM comp06 1608325112 2020/12/18 15:58:32 1 4096 65614610 254800 47935786 27 329808 15637068 197221 0 6091 0 0 2097152 0 0
SEP
MEM comp06 1608325113 2020/12/18 15:58:33 1 4096 65614610 234776 47955526 27 330092 15674643 197469 0 6091 0 0 2097152 0 0
SEP
MEM comp06 1608325114 2020/12/18 15:58:34 1 4096 65614610 254002 47936059 27 330172 15701437 197701 0 6091 0 0 2097152 0 0
SEP
MEM comp06 1608325115 2020/12/18 15:58:35 1 4096 65614610 281342 47908588 27 330480 15726638 197901 0 6091 0 0 2097152 0 0
SEP
MEM comp06 1608325116 2020/12/18 15:58:36 1 4096 65614610 230357 47959457 27 330654 15746307 198149 0 6091 0 0 2097152 0 0
SEP
MEM comp06 1608325117 2020/12/18 15:58:37 1 4096 65614610 232903 47956535 27 330910 15763748 198365 0 6091 0 0 2097152 0 0
SEP
MEM comp06 1608325118 2020/12/18 15:58:38 1 4096 65614610 275902 47913430 27 331072 15773963 198557 0 6091 0 0 2097152 0 0
SEP
MEM comp06 1608325119 2020/12/18 15:58:39 1 4096 65614610 277423 47911818 27 331250 15749267 198741 0 6091 0 0 2097152 0 0
SEP
MEM comp06 1608325120 2020/12/18 15:58:40 1 4096 65614610 318905 47869878 27 331382 15712921 198869 0 6091 0 0 2097152 0 0
SEP
MEM comp06 1608325121 2020/12/18 15:58:41 1 4096 65614610 229973 47958669 27 331656 15683272 199133 0 6091 0 0 2097152 0 0
SEP
MEM comp06 1608325122 2020/12/18 15:58:42 1 4096 65614610 258703 47929756 27 331852 15646632 199341 0 6091 0 0 2097152 0 0
SEP
MEM comp06 1608325123 2020/12/18 15:58:43 1 4096 65614610 255269 47933046 27 332108 15626261 199541 0 6091 0 0 2097152 0 0
SEP
MEM comp06 1608325124 2020/12/18 15:58:44 1 4096 65614610 261535 47926377 27 332408 15619326 199797 0 6091 0 0 2097152 0 0
SEP
MEM comp06 1608325125 2020/12/18 15:58:45 1 4096 65614610 248938 47939354 27 332444 15597624 199925 0 6091 0 0 2097152 0 0
SEP
MEM comp06 1608325126 2020/12/18 15:58:46 1 4096 65614610 260383 47927104 27 332832 15577342 200245 0 6091 0 0 2097152 0 0
SEP
MEM comp06 1608325127 2020/12/18 15:58:47 1 4096 65614610 254477 47932886 27 333104 15565753 200477 0 6091 0 0 2097152 0 0
SEP
MEM comp06 1608325128 2020/12/18 15:58:48 1 4096 65614610 252474 47934633 27 333322 15574139 200733 0 6091 0 0 2097152 0 0
SEP
MEM comp06 1608325129 2020/12/18 15:58:49 1 4096 65614610 262898 47923970 27 333482 15559931 200965 0 6091 0 0 2097152 0 0
SEP
MEM comp06 1608325130 2020/12/18 15:58:50 1 4096 65614610 253287 47933351 27 333720 15543003 201189 0 6091 0 0 2097152 0 0
SEP
MEM comp06 1608325131 2020/12/18 15:58:51 1 4096 65614610 258768 47928139 27 334036 15525401 201421 0 6091 0 0 2097152 0 0
SEP
MEM comp06 1608325132 2020/12/18 15:58:52 1 4096 65614610 245494 47940547 27 334338 15513613 201709 0 6091 0 0 2097152 0 0
SEP
MEM comp06 1608325133 2020/12/18 15:58:53 1 4096 65614610 258626 47926991 27 334604 15521613 201973 0 6091 0 0 2097152 0 0
SEP
MEM comp06 1608325134 2020/12/18 15:58:54 1 4096 65614610 246535 47939070 27 334802 15525674 202213 0 6091 0 0 2097152 0 0
SEP
MEM comp06 1608325135 2020/12/18 15:58:55 1 4096 65614610 260727 47924602 27 335030 15533708 202469 0 6091 0 0 2097152 0 0
SEP
MEM comp06 1608325136 2020/12/18 15:58:56 1 4096 65614610 249391 47935922 27 335288 15521022 202693 0 6091 0 0 2097152 0 0
SEP
MEM comp06 1608325137 2020/12/18 15:58:57 1 4096 65614610 251829 47933186 27 335464 15508056 202957 0 6091 0 0 2097152 0 0
SEP
MEM comp06 1608325138 2020/12/18 15:58:58 1 4096 65614610 247070 47937648 27 335730 15497508 203213 0 6091 0 0 2097152 0 0
SEP
MEM comp06 1608325139 2020/12/18 15:58:59 1 4096 65614610 257583 47926846 27 336010 15486904 203485 0 6091 0 0 2097152 0 0
SEP
MEM comp06 1608325140 2020/12/18 15:59:00 1 4096 65614610 251952 47932269 27 336266 15497426 203749 0 6091 0 0 2097152 0 0
SEP
MEM comp06 1608325141 2020/12/18 15:59:01 1 4096 65614610 252023 47932143 27 336436 15501936 203917 0 6091 0 0 2097152 0 0
SEP
MEM comp06 1608325142 2020/12/18 15:59:02 1 4096 65614610 246340 47937275 27 336816 15493492 204277 0 6091 0 0 2097152 0 0
SEP
MEM comp06 1608325143 2020/12/18 15:59:03 1 4096 65614610 256818 47926549 27 337028 15484290 204509 0 6091 0 0 2097152 0 0
SEP
MEM comp06 1608325144 2020/12/18 15:59:04 1 4096 65614610 248106 47934998 27 337300 15477553 204781 0 6091 0 0 2097152 0 0
SEP
MEM comp06 1608325145 2020/12/18 15:59:05 1 4096 65614610 256054 47926677 27 337668 15468844 205053 0 6091 0 0 2097152 0 0
SEP
MEM comp06 1608325146 2020/12/18 15:59:06 1 4096 65614610 247542 47935032 27 337836 15466796 205317 0 6091 0 0 2097152 0 0
SEP
MEM comp06 1608325147 2020/12/18 15:59:07 1 4096 65614610 254300 47927880 27 338232 15462611 205589 0 6091 0 0 2097152 0 0
SEP
MEM comp06 1608325148 2020/12/18 15:59:08 1 4096 65614610 255578 47926312 27 338488 15463756 205853 0 6091 0 0 2097152 0 0
SEP
MEM comp06 1608325149 2020/12/18 15:59:09 1 4096 65614610 259212 47922522 27 338652 15455558 206141 0 6091 0 0 2097152 0 0
SEP
MEM comp06 1608325150 2020/12/18 15:59:10 1 4096 65614610 250859 47930643 27 338934 15452052 206397 0 6091 0 0 2097152 0 0
SEP
MEM comp06 1608325151 2020/12/18 15:59:11 1 4096 65614610 785395 47984492 27 339182 15460189 206685 0 6091 0 0 2097152 0 0
SEP
MEM comp06 1608325152 2020/12/18 15:59:12 1 4096 65614610 259831 48116688 27 339400 15473837 206885 0 6091 0 0 2097152 0 0
SEP
MEM comp06 1608325153 2020/12/18 15:59:13 1 4096 65614610 226377 47954221 27 339770 15476354 207245 0 6091 0 0 2097152 0 0
SEP
MEM comp06 1608325154 2020/12/18 15:59:14 1 4096 65614610 269375 47910655 27 340076 15474261 207557 0 6091 0 0 2097152 0 0
SEP
MEM comp06 1608325155 2020/12/18 15:59:15 1 4096 65614610 264860 47915036 27 340372 15469400 207829 0 6091 0 0 2097152 0 0
SEP
MEM comp06 1608325156 2020/12/18 15:59:16 1 4096 65614610 245943 47933750 27 340604 15478464 208077 0 6091 0 0 2097152 0 0
SEP
MEM comp06 1608325157 2020/12/18 15:59:17 1 4096 65614610 259059 47920416 27 340830 15479584 208349 0 6091 0 0 2097152 0 0
SEP
MEM comp06 1608325158 2020/12/18 15:59:18 1 4096 65614610 255114 47924008 27 341156 15473371 208613 0 6091 0 0 2097152 0 0
SEP
MEM comp06 1608325159 2020/12/18 15:59:19 1 4096 65614610 258123 47920704 27 341450 15480919 208909 0 6091 0 0 2097152 0 0
SEP
MEM comp06 1608325160 2020/12/18 15:59:20 1 4096 65614610 255907 47922657 27 341722 15486654 209181 0 6091 0 0 2097152 0 0
SEP
MEM comp06 1608325161 2020/12/18 15:59:21 1 4096 65614610 248596 47929706 27 341992 15486056 209461 0 6091 0 0 2097152 0 0
SEP
MEM comp06 1608325162 2020/12/18 15:59:22 1 4096 65614610 260292 47917778 27 342256 15484430 209725 0 6091 0 0 2097152 0 0
SEP
MEM comp06 1608325163 2020/12/18 15:59:23 1 4096 65614610 253301 47924435 27 342570 15480740 210013 0 6091 0 0 2097152 0 0
SEP
MEM comp06 1608325164 2020/12/18 15:59:24 1 4096 65614610 252449 47925101 27 342872 15475355 210277 0 6091 0 0 2097152 0 0
SEP
MEM comp06 1608325165 2020/12/18 15:59:25 1 4096 65614610 246355 47930942 27 343128 15476099 210541 0 6091 0 0 2097152 0 0
SEP
MEM comp06 1608325166 2020/12/18 15:59:26 1 4096 65614610 957351 47772806 27 343416 15481073 210829 0 6091 0 0 2097152 0 0
SEP
MEM comp06 1608325167 2020/12/18 15:59:27 1 4096 65614610 634524 47912363 27 343758 15500874 211157 0 6091 0 0 2097152 0 0
SEP
MEM comp06 1608325168 2020/12/18 15:59:28 1 4096 65614610 274566 47901765 27 344014 15514481 211437 0 6091 0 0 2097152 0 0
SEP
MEM comp06 1608325169 2020/12/18 15:59:29 1 4096 65614610 276023 47899973 27 344262 15517359 211709 0 6091 0 0 2097152 0 0
SEP
MEM comp06 1608325170 2020/12/18 15:59:30 1 4096 65614610 279560 47896076 27 344568 15518516 211997 0 6091 0 0 2097152 0 0
SEP
MEM comp06 1608325171 2020/12/18 15:59:31 1 4096 65614610 265764 47909529 27 344846 15519066 212269 0 6091 0 0 2097152 0 0
SEP
MEM comp06 1608325172 2020/12/18 15:59:32 1 4096 65614610 774338 47828104 27 345154 15515230 212525 0 6091 0 0 2097152 0 0
SEP
MEM comp06 1608325173 2020/12/18 15:59:33 1 4096 65614610 298138 47957254 27 345394 15522931 212757 0 6091 0 0 2097152 0 0
SEP
MEM comp06 1608325174 2020/12/18 15:59:34 1 4096 65614610 267949 47906528 27 345770 15526591 213125 0 6091 0 0 2097152 0 0
SEP
MEM comp06 1608325175 2020/12/18 15:59:35 1 4096 65614610 270346 47903798 27 346022 15527512 213381 0 6091 0 0 2097152 0 0
SEP
MEM comp06 1608325176 2020/12/18 15:59:36 1 4096 65614610 279737 47894310 27 346312 15529572 213669 0 6091 0 0 2097152 0 0
SEP
MEM comp06 1608325177 2020/12/18 15:59:37 1 4096 65614610 295604 47878225 27 346422 15523670 213933 0 6091 0 0 2097152 0 0
SEP
MEM comp06 1608325178 2020/12/18 15:59:38 1 4096 65614610 900773 48006764 27 346736 15529132 214229 0 6091 0 0 2097152 0 0
SEP
MEM comp06 1608325179 2020/12/18 15:59:39 1 4096 65614610 763500 48143604 27 347028 15544133 214541 0 6091 0 0 2097152 0 0
SEP
MEM comp06 1608325180 2020/12/18 15:59:40 1 4096 65614610 626611 48280236 27 347376 15555369 214861 0 6091 0 0 2097152 0 0
SEP
MEM comp06 1608325181 2020/12/18 15:59:41 1 4096 65614610 490424 48416267 27 347608 15576972 215149 0 6091 0 0 2097152 0 0
SEP
MEM comp06 1608325182 2020/12/18 15:59:42 1 4096 65614610 356241 48550157 27 347904 15591854 215461 0 6091 0 0 2097152 0 0
SEP
MEM comp06 1608325183 2020/12/18 15:59:43 1 4096 65614610 223634 48682384 27 348240 15603796 215765 0 6091 0 0 2097152 0 0
SEP
MEM comp06 1608325184 2020/12/18 15:59:44 1 4096 65614610 218636 48687089 27 348480 15625877 216021 0 6091 0 0 2097152 0 0
SEP
MEM comp06 1608325185 2020/12/18 15:59:45 1 4096 65614610 230074 48675088 27 348948 15635259 216309 0 6091 0 0 2097152 0 0
SEP
MEM comp06 1608325186 2020/12/18 15:59:46 1 4096 65614610 986658 48704831 27 349308 15660421 216685 0 6091 0 0 2097152 0 0
SEP
MEM comp06 1608325187 2020/12/18 15:59:47 1 4096 65614610 488298 48842251 27 349500 15685961 216909 0 6091 0 0 2097152 0 0
SEP
MEM comp06 1608325188 2020/12/18 15:59:48 1 4096 65614610 276773 48627650 27 349866 15700165 217293 0 6091 0 0 2097152 0 0
SEP
MEM comp06 1608325189 2020/12/18 15:59:49 1 4096 65614610 277766 48626384 27 350098 15713877 217557 0 6091 0 0 2097152 0 0
SEP
MEM comp06 1608325190 2020/12/18 15:59:50 1 4096 65614610 281559 48622258 27 350348 15722517 217845 0 6091 0 0 2097152 0 0
SEP
MEM comp06 1608325191 2020/12/18 15:59:51 1 4096 65614610 287094 48616467 27 350638 15729855 218117 0 6091 0 0 2097152 0 0
SEP
MEM comp06 1608325192 2020/12/18 15:59:52 1 4096 65614610 556344 48743888 27 350892 15748184 218381 0 6091 0 0 2097152 0 0
SEP
MEM comp06 1608325193 2020/12/18 15:59:53 1 4096 65614610 302057 48600566 27 351266 15774176 218669 0 6091 0 0 2097152 0 0
SEP
MEM comp06 1608325194 2020/12/18 15:59:54 1 4096 65614610 303140 48599562 27 351402 15788697 218981 0 6091 0 0 2097152 0 0
SEP
MEM comp06 1608325195 2020/12/18 15:59:55 1 4096 65614610 320934 48581393 27 351802 15811267 219269 0 6091 0 0 2097152 0 0
SEP
MEM comp06 1608325196 2020/12/18 15:59:56 1 4096 65614610 932916 48702917 27 352102 15848826 219541 0 6091 0 0 2097152 0 0
SEP
MEM comp06 1608325197 2020/12/18 15:59:57 1 4096 65614610 806205 48829377 27 352406 15860506 219837 0 6091 0 0 2097152 0 0
SEP
MEM comp06 1608325198 2020/12/18 15:59:58 1 4096 65614610 679363 48956069 27 352606 15870491 220109 0 6091 0 0 2097152 0 0
SEP
MEM comp06 1608325199 2020/12/18 15:59:59 1 4096 65614610 549714 49085247 27 352952 15880310 220397 0 6091 0 0 2097152 0 0
SEP
MEM comp06 1608325200 2020/12/18 16:00:00 1 4096 65614610 985937 49215131 27 353310 15882894 220709 0 6091 0 0 2097152 0 0
SEP
MEM comp06 1608325201 2020/12/18 16:00:01 1 4096 65614610 1001202 49367132 27 353556 15913881 221053 0 6091 0 0 2097152 0 0
SEP
MEM comp06 1608325202 2020/12/18 16:00:02 1 4096 65614610 852879 49515154 27 353920 15937555 221389 0 6091 0 0 2097152 0 0
SEP
MEM comp06 1608325203 2020/12/18 16:00:03 1 4096 65614610 707081 49660478 27 354328 15957351 221733 0 6091 0 0 2097152 0 0
SEP
MEM comp06 1608325204 2020/12/18 16:00:04 1 4096 65614610 564821 49802446 27 354590 15975287 221957 0 6091 0 0 2097152 0 0
SEP
MEM comp06 1608325205 2020/12/18 16:00:05 1 4096 65614610 424180 49942918 27 354838 15988859 222365 0 6091 0 0 2097152 0 0
SEP
MEM comp06 1608325206 2020/12/18 16:00:06 1 4096 65614610 1002732 50097975 27 355168 16019490 222709 0 6091 0 0 2097152 0 0
SEP
MEM comp06 1608325207 2020/12/18 16:00:07 1 4096 65614610 3046330 50255548 27 355588 16050661 223069 0 6091 0 0 2097152 0 0
SEP
MEM comp06 1608325208 2020/12/18 16:00:08 1 4096 65614610 7227963 50476170 27 356052 16159023 223549 0 6091 0 0 2097152 0 0
SEP
MEM comp06 1608325209 2020/12/18 16:00:09 1 4096 65614610 7638558 50799658 27 356784 16358662 224301 0 6091 0 0 2097152 0 0
SEP
MEM comp06 1608325210 2020/12/18 16:00:10 1 4096 65614610 7282548 51154797 27 357518 16603234 224989 0 6091 0 0 2097152 0 0
SEP
MEM comp06 1608325211 2020/12/18 16:00:11 1 4096 65614610 6945854 51490753 27 358374 16818480 225877 0 6091 0 0 2097152 0 0
SEP
MEM comp06 1608325212 2020/12/18 16:00:12 1 4096 65614610 6629238 51806191 27 359108 17026882 226597 0 6091 0 0 2097152 0 0
SEP
MEM comp06 1608325213 2020/12/18 16:00:13 1 4096 65614610 7068709 52100329 27 359742 17198522 227245 0 6091 0 0 2097152 0 0
SEP
MEM comp06 1608325214 2020/12/18 16:00:14 1 4096 65614610 6772453 52395931 27 360312 17370862 227853 0 6091 0 0 2097152 0 0
SEP
MEM comp06 1608325215 2020/12/18 16:00:15 1 4096 65614610 6494477 52673369 27 361050 17531058 228557 0 6091 0 0 2097152 0 0
SEP
MEM comp06 1608325216 2020/12/18 16:00:16 1 4096 65614610 6227907 52939524 27 361598 17672821 229085 0 6091 0 0 2097152 0 0
SEP
MEM comp06 1608325217 2020/12/18 16:00:17 1 4096 65614610 5977308 53189580 27 362000 17800533 229517 0 6091 0 0 2097152 0 0
SEP
MEM comp06 1608325218 2020/12/18 16:00:18 1 4096 65614610 5738626 53427538 27 362742 17922731 230261 0 6091 0 0 2097152 0 0
SEP
MEM comp06 1608325219 2020/12/18 16:00:19 1 4096 65614610 5512496 53653195 27 363218 18023972 230717 0 6091 0 0 2097152 0 0
SEP
MEM comp06 1608325220 2020/12/18 16:00:20 1 4096 65614610 5297582 53867672 27 363682 18113749 231165 0 6091 0 0 2097152 0 0
SEP
MEM comp06 1608325221 2020/12/18 16:00:21 1 4096 65614610 5822590 54076180 27 364066 18199531 231597 0 6091 0 0 2097152 0 0
SEP
MEM comp06 1608325222 2020/12/18 16:00:22 1 4096 65614610 5607957 54290207 27 364770 18289104 232213 0 6091 0 0 2097152 0 0
SEP
MEM comp06 1608325223 2020/12/18 16:00:23 1 4096 65614610 6516381 54493311 27 365206 18369852 232669 0 6091 0 0 2097152 0 0
SEP
MEM comp06 1608325224 2020/12/18 16:00:24 1 4096 65614610 7410500 54688533 27 365646 18443306 233101 0 6091 0 0 2097152 0 0
SEP
MEM comp06 1608325225 2020/12/18 16:00:25 1 4096 65614610 7193422 54905113 27 366140 18535939 233613 0 6091 0 0 2097152 0 0
SEP
