RESET
MEM comp06 1608325362 2020/12/18 16:02:42 1490998 4096 65614610 65177254 24671 27 195310 4 62635 0 6091 0 0 2097152 0 0
SEP
MEM comp06 1608325363 2020/12/18 16:02:43 1 4096 65614610 64895677 184873 27 195917 6 63476 0 6091 0 0 2097152 0 0
SEP
MEM comp06 1608325364 2020/12/18 16:02:44 1 4096 65614610 64614197 322765 27 196155 6 63676 0 6091 0 0 2097152 0 0
SEP
MEM comp06 1608325365 2020/12/18 16:02:45 1 4096 65614610 64338519 462538 27 196307 0 63844 0 6091 0 0 2097152 0 0
SEP
MEM comp06 1608325366 2020/12/18 16:02:46 1 4096 65614610 64060952 599756 27 196481 1 64020 0 6091 0 0 2097152 0 0
SEP
MEM comp06 1608325367 2020/12/18 16:02:47 1 4096 65614610 63786651 736972 27 196699 1 64230 0 6091 0 0 2097152 0 0
SEP
MEM comp06 1608325368 2020/12/18 16:02:48 1 4096 65614610 63517336 872700 27 196985 1 64510 0 6091 0 0 2097152 0 0
SEP
MEM comp06 1608325369 2020/12/18 16:02:49 1 4096 65614610 63236830 1013506 27 197247 1 64782 0 6091 0 0 2097152 0 0
SEP
MEM comp06 1608325370 2020/12/18 16:02:50 1 4096 65614610 62965392 1150713 27 197579 1 65110 0 6091 0 0 2097152 0 0
SEP
MEM comp06 1608325371 2020/12/18 16:02:51 1 4096 65614610 62688426 1287367 27 197897 1 65422 0 6091 0 0 2097152 0 0
SEP
MEM comp06 1608325372 2020/12/18 16:02:52 1 4096 65614610 62409868 1425098 27 198205 1 65742 0 6091 0 0 2097152 0 0
SEP
MEM comp06 1608325373 2020/12/18 16:02:53 1 4096 65614610 62132433 1564303 27 198519 1 66062 0 6091 0 0 2097152 0 0
SEP
MEM comp06 1608325374 2020/12/18 16:02:54 1 4096 65614610 61856972 1701576 27 198791 1 66334 0 6091 0 0 2097152 0 0
SEP
MEM comp06 1608325375 2020/12/18 16:02:55 1 4096 65614610 61582588 1837790 27 199113 1 66646 0 6091 0 0 2097152 0 0
SEP
MEM comp06 1608325376 2020/12/18 16:02:56 1 4096 65614610 61308121 1976519 27 199389 0 66942 0 6091 0 0 2097152 0 0
SEP
MEM comp06 1608325377 2020/12/18 16:02:57 1 4096 65614610 61034230 2113222 27 199693 1 67238 0 6091 0 0 2097152 0 0
SEP
MEM comp06 1608325378 2020/12/18 16:02:58 1 4096 65614610 60753594 2252341 27 200023 1 67550 0 6091 0 0 2097152 0 0
SEP
MEM comp06 1608325379 2020/12/18 16:02:59 1 4096 65614610 60476122 2388588 27 200313 1 67838 0 6091 0 0 2097152 0 0
SEP
MEM comp06 1608325380 2020/12/18 16:03:00 1 4096 65614610 60206211 2526459 27 200641 1 68158 0 6091 0 0 2097152 0 0
SEP
MEM comp06 1608325381 2020/12/18 16:03:01 1 4096 65614610 59919955 2664656 27 200927 0 68486 0 6091 0 0 2097152 0 0
SEP
MEM comp06 1608325382 2020/12/18 16:03:02 1 4096 65614610 59656290 2801860 27 201239 1 68798 0 6091 0 0 2097152 0 0
SEP
MEM comp06 1608325383 2020/12/18 16:03:03 1 4096 65614610 59370592 2940588 27 201529 1 69094 0 6091 0 0 2097152 0 0
SEP
MEM comp06 1608325384 2020/12/18 16:03:04 1 4096 65614610 59098694 3077137 27 201801 1 69366 0 6091 0 0 2097152 0 0
SEP
MEM comp06 1608325385 2020/12/18 16:03:05 1 4096 65614610 58823177 3214883 27 202125 1 69686 0 6091 0 0 2097152 0 0
SEP
MEM comp06 1608325386 2020/12/18 16:03:06 1 4096 65614610 58545212 3352429 27 202399 0 69982 0 6091 0 0 2097152 0 0
SEP
MEM comp06 1608325387 2020/12/18 16:03:07 1 4096 65614610 58268563 3489998 27 202725 1 70294 0 6091 0 0 2097152 0 0
SEP
MEM comp06 1608325388 2020/12/18 16:03:08 1 4096 65614610 57996202 3628232 27 202993 1 70574 0 6091 0 0 2097152 0 0
SEP
MEM comp06 1608325389 2020/12/18 16:03:09 1 4096 65614610 57712469 3767469 27 203343 1 70910 0 6091 0 0 2097152 0 0
SEP
MEM comp06 1608325390 2020/12/18 16:03:10 1 4096 65614610 57438654 3904741 27 203609 1 71198 0 6091 0 0 2097152 0 0
SEP
MEM comp06 1608325391 2020/12/18 16:03:11 1 4096 65614610 57166085 4041981 27 203935 0 71518 0 6091 0 0 2097152 0 0
SEP
MEM comp06 1608325392 2020/12/18 16:03:12 1 4096 65614610 56890040 4180221 27 204255 1 71822 0 6091 0 0 2097152 0 0
SEP
MEM comp06 1608325393 2020/12/18 16:03:13 1 4096 65614610 56622705 4316356 27 204531 1 72086 0 6091 0 0 2097152 0 0
SEP
MEM comp06 1608325394 2020/12/18 16:03:14 1 4096 65614610 56345657 4454625 27 204857 1 72414 0 6091 0 0 2097152 0 0
SEP
MEM comp06 1608325395 2020/12/18 16:03:15 1 4096 65614610 56060460 4594855 27 205143 1 72718 0 6091 0 0 2097152 0 0
SEP
MEM comp06 1608325396 2020/12/18 16:03:16 1 4096 65614610 55788008 4731047 27 205433 0 73006 0 6091 0 0 2097152 0 0
SEP
MEM comp06 1608325397 2020/12/18 16:03:17 1 4096 65614610 55510914 4868299 27 205757 2 73334 0 6091 0 0 2097152 0 0
SEP
MEM comp06 1608325398 2020/12/18 16:03:18 1 4096 65614610 55240586 5004403 27 206039 2 73614 0 6091 0 0 2097152 0 0
SEP
MEM comp06 1608325399 2020/12/18 16:03:19 1 4096 65614610 54960939 5143291 27 206361 2 73910 0 6091 0 0 2097152 0 0
SEP
MEM comp06 1608325400 2020/12/18 16:03:20 1 4096 65614610 54681870 5281484 27 206649 2 74230 0 6091 0 0 2097152 0 0
SEP
MEM comp06 1608325401 2020/12/18 16:03:21 1 4096 65614610 54406901 5418105 27 206943 0 74518 0 6091 0 0 2097152 0 0
SEP
MEM comp06 1608325402 2020/12/18 16:03:22 1 4096 65614610 54133241 5556987 27 207261 1 74846 0 6091 0 0 2097152 0 0
SEP
MEM comp06 1608325403 2020/12/18 16:03:23 1 4096 65614610 53858212 5693639 27 207577 1 75158 0 6091 0 0 2097152 0 0
SEP
MEM comp06 1608325404 2020/12/18 16:03:24 1 4096 65614610 53575568 5832989 27 207857 1 75438 0 6091 0 0 2097152 0 0
SEP
MEM comp06 1608325405 2020/12/18 16:03:25 1 4096 65614610 53302644 5971044 27 208201 1 75774 0 6091 0 0 2097152 0 0
SEP
MEM comp06 1608325406 2020/12/18 16:03:26 1 4096 65614610 53027027 6105806 27 208505 0 76086 0 6091 0 0 2097152 0 0
SEP
MEM comp06 1608325407 2020/12/18 16:03:27 1 4096 65614610 52749934 6246464 27 208835 1 76414 0 6091 0 0 2097152 0 0
SEP
MEM comp06 1608325408 2020/12/18 16:03:28 1 4096 65614610 52479569 6382329 27 209141 1 76702 0 6091 0 0 2097152 0 0
SEP
MEM comp06 1608325409 2020/12/18 16:03:29 1 4096 65614610 52199407 6521084 27 209457 1 77038 0 6091 0 0 2097152 0 0
SEP
MEM comp06 1608325410 2020/12/18 16:03:30 1 4096 65614610 51919365 6659220 27 209751 1 77334 0 6091 0 0 2097152 0 0
SEP
MEM comp06 1608325411 2020/12/18 16:03:31 1 4096 65614610 51649934 6794443 27 210071 0 77638 0 6091 0 0 2097152 0 0
SEP
MEM comp06 1608325412 2020/12/18 16:03:32 1 4096 65614610 51372843 6933192 27 210383 1 77958 0 6091 0 0 2097152 0 0
SEP
MEM comp06 1608325413 2020/12/18 16:03:33 1 4096 65614610 51094275 7071947 27 210681 1 78262 0 6091 0 0 2097152 0 0
SEP
MEM comp06 1608325414 2020/12/18 16:03:34 1 4096 65614610 50824462 7208186 27 210947 1 78558 0 6091 0 0 2097152 0 0
SEP
MEM comp06 1608325415 2020/12/18 16:03:35 1 4096 65614610 50543315 7346820 27 211259 1 78846 0 6091 0 0 2097152 0 0
SEP
MEM comp06 1608325416 2020/12/18 16:03:36 1 4096 65614610 50270917 7484635 27 211533 1 79166 0 6091 0 0 2097152 0 0
SEP
MEM comp06 1608325417 2020/12/18 16:03:37 1 4096 65614610 49990223 7622023 27 211849 0 79478 0 6091 0 0 2097152 0 0
SEP
MEM comp06 1608325418 2020/12/18 16:03:38 1 4096 65614610 49714686 7761097 27 212185 1 79806 0 6091 0 0 2097152 0 0
SEP
MEM comp06 1608325419 2020/12/18 16:03:39 1 4096 65614610 49438179 7898368 27 212441 1 80094 0 6091 0 0 2097152 0 0
SEP
MEM comp06 1608325420 2020/12/18 16:03:40 1 4096 65614610 49162863 8034778 27 212733 1 80382 0 6091 0 0 2097152 0 0
SEP
MEM comp06 1608325421 2020/12/18 16:03:41 1 4096 65614610 48887653 8173736 27 213105 1 80742 0 6091 0 0 2097152 0 0
SEP
MEM comp06 1608325422 2020/12/18 16:03:42 1 4096 65614610 48612660 8308941 27 213377 0 81022 0 6091 0 0 2097152 0 0
SEP
MEM comp06 1608325423 2020/12/18 16:03:43 1 4096 65614610 48331489 8448718 27 213679 1 81342 0 6091 0 0 2097152 0 0
SEP
MEM comp06 1608325424 2020/12/18 16:03:44 1 4096 65614610 48058522 8584910 27 213989 1 81646 0 6091 0 0 2097152 0 0
SEP
MEM comp06 1608325425 2020/12/18 16:03:45 1 4096 65614610 47781538 8724060 27 214301 1 81942 0 6091 0 0 2097152 0 0
SEP
MEM comp06 1608325426 2020/12/18 16:03:46 1 4096 65614610 47509071 8861437 27 214567 1 82238 0 6091 0 0 2097152 0 0
SEP
MEM comp06 1608325427 2020/12/18 16:03:47 1 4096 65614610 47229453 8999272 27 214907 0 82558 0 6091 0 0 2097152 0 0
SEP
MEM comp06 1608325428 2020/12/18 16:03:48 1 4096 65614610 46957000 9135869 27 215213 1 82878 0 6091 0 0 2097152 0 0
SEP
MEM comp06 1608325429 2020/12/18 16:03:49 1 4096 65614610 46674833 9274575 27 215563 1 83198 0 6091 0 0 2097152 0 0
SEP
MEM comp06 1608325430 2020/12/18 16:03:50 1 4096 65614610 46404974 9411787 27 215825 1 83478 0 6091 0 0 2097152 0 0
SEP
MEM comp06 1608325431 2020/12/18 16:03:51 1 4096 65614610 46128476 9549345 27 216133 2 83798 0 6091 0 0 2097152 0 0
SEP
MEM comp06 1608325432 2020/12/18 16:03:52 1 4096 65614610 45851846 9688560 27 216449 0 84094 0 6091 0 0 2097152 0 0
SEP
MEM comp06 1608325433 2020/12/18 16:03:53 1 4096 65614610 45568707 9827023 27 216719 1 84382 0 6091 0 0 2097152 0 0
SEP
MEM comp06 1608325434 2020/12/18 16:03:54 1 4096 65614610 45298345 9963264 27 217027 1 84686 0 6091 0 0 2097152 0 0
SEP
MEM comp06 1608325435 2020/12/18 16:03:55 1 4096 65614610 45025365 10099916 27 217357 1 85014 0 6091 0 0 2097152 0 0
SEP
MEM comp06 1608325436 2020/12/18 16:03:56 1 4096 65614610 44739628 10240111 27 217683 1 85326 0 6091 0 0 2097152 0 0
SEP
MEM comp06 1608325437 2020/12/18 16:03:57 1 4096 65614610 44469713 10378442 27 217935 0 85614 0 6091 0 0 2097152 0 0
SEP
MEM comp06 1608325438 2020/12/18 16:03:58 1 4096 65614610 44192124 10513669 27 218277 1 85926 0 6091 0 0 2097152 0 0
SEP
MEM comp06 1608325439 2020/12/18 16:03:59 1 4096 65614610 43917691 10651872 27 218589 1 86230 0 6091 0 0 2097152 0 0
SEP
MEM comp06 1608325440 2020/12/18 16:04:00 1 4096 65614610 43642662 10789630 27 218885 1 86558 0 6091 0 0 2097152 0 0
SEP
MEM comp06 1608325441 2020/12/18 16:04:01 1 4096 65614610 43367101 10927308 27 219205 1 86870 0 6091 0 0 2097152 0 0
SEP
MEM comp06 1608325442 2020/12/18 16:04:02 1 4096 65614610 43083970 11065437 27 219533 0 87182 0 6091 0 0 2097152 0 0
SEP
MEM comp06 1608325443 2020/12/18 16:04:03 1 4096 65614610 42817611 11202251 27 219815 1 87478 0 6091 0 0 2097152 0 0
SEP
MEM comp06 1608325444 2020/12/18 16:04:04 1 4096 65614610 42533885 11342541 27 220153 1 87822 0 6091 0 0 2097152 0 0
SEP
MEM comp06 1608325445 2020/12/18 16:04:05 1 4096 65614610 42262975 11478647 27 220459 1 88110 0 6091 0 0 2097152 0 0
SEP
MEM comp06 1608325446 2020/12/18 16:04:06 1 4096 65614610 41985944 11616376 27 220741 1 88406 0 6091 0 0 2097152 0 0
SEP
MEM comp06 1608325447 2020/12/18 16:04:07 1 4096 65614610 41707341 11754669 27 221083 0 88726 0 6091 0 0 2097152 0 0
SEP
MEM comp06 1608325448 2020/12/18 16:04:08 1 4096 65614610 41435386 11890379 27 221395 1 89054 0 6091 0 0 2097152 0 0
SEP
MEM comp06 1608325449 2020/12/18 16:04:09 1 4096 65614610 41154701 12030669 27 221731 1 89390 0 6091 0 0 2097152 0 0
SEP
MEM comp06 1608325450 2020/12/18 16:04:10 1 4096 65614610 40879684 12167885 27 222031 1 89694 0 6091 0 0 2097152 0 0
SEP
MEM comp06 1608325451 2020/12/18 16:04:11 1 4096 65614610 40605175 12306232 27 222437 1 89974 0 6091 0 0 2097152 0 0
SEP
MEM comp06 1608325452 2020/12/18 16:04:12 1 4096 65614610 40325099 12443394 27 222613 0 90286 0 6091 0 0 2097152 0 0
SEP
MEM comp06 1608325453 2020/12/18 16:04:13 1 4096 65614610 40055179 12579960 27 222957 1 90614 0 6091 0 0 2097152 0 0
SEP
MEM comp06 1608325454 2020/12/18 16:04:14 1 4096 65614610 39777634 12718200 27 223269 1 90910 0 6091 0 0 2097152 0 0
SEP
MEM comp06 1608325455 2020/12/18 16:04:15 1 4096 65614610 39504151 12854476 27 223577 1 91230 0 6091 0 0 2097152 0 0
SEP
MEM comp06 1608325456 2020/12/18 16:04:16 1 4096 65614610 39228611 12992714 27 223895 1 91550 0 6091 0 0 2097152 0 0
SEP
MEM comp06 1608325457 2020/12/18 16:04:17 1 4096 65614610 38947993 13131980 27 224177 1 91846 0 6091 0 0 2097152 0 0
SEP
MEM comp06 1608325458 2020/12/18 16:04:18 1 4096 65614610 38665815 13269255 27 224527 0 92182 0 6091 0 0 2097152 0 0
SEP
MEM comp06 1608325459 2020/12/18 16:04:19 1 4096 65614610 38400031 13406565 27 224821 1 92478 0 6091 0 0 2097152 0 0
SEP
MEM comp06 1608325460 2020/12/18 16:04:20 1 4096 65614610 38123983 13544188 27 225137 1 92782 0 6091 0 0 2097152 0 0
SEP
MEM comp06 1608325461 2020/12/18 16:04:21 1 4096 65614610 37847460 13680331 27 225421 1 93086 0 6091 0 0 2097152 0 0
SEP
MEM comp06 1608325462 2020/12/18 16:04:22 1 4096 65614610 37573525 13818788 27 225761 1 93398 0 6091 0 0 2097152 0 0
SEP
MEM comp06 1608325463 2020/12/18 16:04:23 1 4096 65614610 37294895 13958231 27 226055 0 93710 0 6091 0 0 2097152 0 0
SEP
MEM comp06 1608325464 2020/12/18 16:04:24 1 4096 65614610 37015224 14094033 27 226377 1 94030 0 6091 0 0 2097152 0 0
SEP
MEM comp06 1608325465 2020/12/18 16:04:25 1 4096 65614610 36743825 14232779 27 226667 2 94326 0 6091 0 0 2097152 0 0
SEP
MEM comp06 1608325466 2020/12/18 16:04:26 1 4096 65614610 36461128 14371536 27 226999 2 94646 0 6091 0 0 2097152 0 0
SEP
MEM comp06 1608325467 2020/12/18 16:04:27 1 4096 65614610 36190810 14509259 27 227281 2 94942 0 6091 0 0 2097152 0 0
SEP
MEM comp06 1608325468 2020/12/18 16:04:28 1 4096 65614610 35909742 14646121 27 227541 0 95198 0 6091 0 0 2097152 0 0
SEP
MEM comp06 1608325469 2020/12/18 16:04:29 1 4096 65614610 35635819 14783797 27 227841 1 95510 0 6091 0 0 2097152 0 0
SEP
MEM comp06 1608325470 2020/12/18 16:04:30 1 4096 65614610 35361324 14920962 27 228117 1 95782 0 6091 0 0 2097152 0 0
SEP
MEM comp06 1608325471 2020/12/18 16:04:31 1 4096 65614610 35085780 15058638 27 228453 1 96126 0 6091 0 0 2097152 0 0
SEP
MEM comp06 1608325472 2020/12/18 16:04:32 1 4096 65614610 34807140 15198924 27 228775 1 96438 0 6091 0 0 2097152 0 0
SEP
MEM comp06 1608325473 2020/12/18 16:04:33 1 4096 65614610 34537824 15335028 27 229047 0 96710 0 6091 0 0 2097152 0 0
SEP
MEM comp06 1608325474 2020/12/18 16:04:34 1 4096 65614610 34261877 15472299 27 229353 1 97006 0 6091 0 0 2097152 0 0
SEP
MEM comp06 1608325475 2020/12/18 16:04:35 1 4096 65614610 33982208 15610112 27 229701 1 97342 0 6091 0 0 2097152 0 0
SEP
MEM comp06 1608325476 2020/12/18 16:04:36 1 4096 65614610 33705099 15748812 27 230019 1 97662 0 6091 0 0 2097152 0 0
SEP
MEM comp06 1608325477 2020/12/18 16:04:37 1 4096 65614610 33424015 15884895 27 230289 1 97966 0 6091 0 0 2097152 0 0
SEP
MEM comp06 1608325478 2020/12/18 16:04:38 1 4096 65614610 33161790 16022727 27 230615 0 98270 0 6091 0 0 2097152 0 0
SEP
MEM comp06 1608325479 2020/12/18 16:04:39 1 4096 65614610 32876026 16161455 27 230927 1 98590 0 6091 0 0 2097152 0 0
SEP
MEM comp06 1608325480 2020/12/18 16:04:40 1 4096 65614610 32601546 16299828 27 231217 1 98870 0 6091 0 0 2097152 0 0
SEP
MEM comp06 1608325481 2020/12/18 16:04:41 1 4096 65614610 32326069 16437451 27 231479 1 99150 0 6091 0 0 2097152 0 0
SEP
MEM comp06 1608325482 2020/12/18 16:04:42 1 4096 65614610 32046992 16575151 27 231805 1 99470 0 6091 0 0 2097152 0 0
SEP
MEM comp06 1608325483 2020/12/18 16:04:43 1 4096 65614610 31780751 16711337 27 232109 0 99758 0 6091 0 0 2097152 0 0
SEP
MEM comp06 1608325484 2020/12/18 16:04:44 1 4096 65614610 31492971 16850607 27 232405 1 100062 0 6091 0 0 2097152 0 0
SEP
MEM comp06 1608325485 2020/12/18 16:04:45 1 4096 65614610 31222075 16987341 27 232679 1 100334 0 6091 0 0 2097152 0 0
SEP
MEM comp06 1608325486 2020/12/18 16:04:46 1 4096 65614610 30941437 17127118 27 232981 1 100638 0 6091 0 0 2097152 0 0
SEP
MEM comp06 1608325487 2020/12/18 16:04:47 1 4096 65614610 30660935 17262290 27 233311 1 100950 0 6091 0 0 2097152 0 0
SEP
MEM comp06 1608325488 2020/12/18 16:04:48 1 4096 65614610 30389432 17402572 27 233599 0 101238 0 6091 0 0 2097152 0 0
SEP
MEM comp06 1608325489 2020/12/18 16:04:49 1 4096 65614610 30109834 17539737 27 233911 1 101550 0 6091 0 0 2097152 0 0
SEP
MEM comp06 1608325490 2020/12/18 16:04:50 1 4096 65614610 29838383 17675389 27 234219 1 101870 0 6091 0 0 2097152 0 0
SEP
MEM comp06 1608325491 2020/12/18 16:04:51 1 4096 65614610 29565438 17813709 27 234529 1 102174 0 6091 0 0 2097152 0 0
SEP
MEM comp06 1608325492 2020/12/18 16:04:52 1 4096 65614610 29284302 17952464 27 234841 1 102486 0 6091 0 0 2097152 0 0
SEP
MEM comp06 1608325493 2020/12/18 16:04:53 1 4096 65614610 29011905 18090209 27 235121 1 102790 0 6091 0 0 2097152 0 0
SEP
MEM comp06 1608325494 2020/12/18 16:04:54 1 4096 65614610 28740516 18226231 27 235455 1 103094 0 6091 0 0 2097152 0 0
SEP
MEM comp06 1608325495 2020/12/18 16:04:55 1 4096 65614610 28457061 18365601 27 235779 1 103438 0 6091 0 0 2097152 0 0
SEP
MEM comp06 1608325496 2020/12/18 16:04:56 1 4096 65614610 28181991 18503122 27 236097 1 103758 0 6091 0 0 2097152 0 0
SEP
MEM comp06 1608325497 2020/12/18 16:04:57 1 4096 65614610 27906015 18639829 27 236377 1 104038 0 6091 0 0 2097152 0 0
SEP
MEM comp06 1608325498 2020/12/18 16:04:58 1 4096 65614610 27628447 18777117 27 236733 2 104374 0 6091 0 0 2097152 0 0
SEP
MEM comp06 1608325499 2020/12/18 16:04:59 1 4096 65614610 27353995 18915293 27 236987 3 104654 0 6091 0 0 2097152 0 0
SEP
MEM comp06 1608325500 2020/12/18 16:05:00 1 4096 65614610 26924186 19209435 27 237653 155870 105302 0 6091 0 0 2097152 0 0
SEP
MEM comp06 1608325501 2020/12/18 16:05:01 1 4096 65614610 26650952 19926213 27 239291 732323 106942 0 6091 0 0 2097152 0 0
SEP
MEM comp06 1608325502 2020/12/18 16:05:02 1 4096 65614610 25795807 20061909 27 239600 732423 107254 0 6091 0 0 2097152 0 0
SEP
MEM comp06 1608325503 2020/12/18 16:05:03 1 4096 65614610 25513087 20199640 27 239908 732423 107558 0 6091 0 0 2097152 0 0
SEP
MEM comp06 1608325504 2020/12/18 16:05:04 1 4096 65614610 25238591 20337371 27 240208 732423 107862 0 6091 0 0 2097152 0 0
SEP
MEM comp06 1608325505 2020/12/18 16:05:05 1 4096 65614610 24967162 20474072 27 240516 732423 108174 0 6091 0 0 2097152 0 0
SEP
MEM comp06 1608325506 2020/12/18 16:05:06 1 4096 65614610 24691719 20612465 27 240800 732422 108454 0 6091 0 0 2097152 0 0
SEP
MEM comp06 1608325507 2020/12/18 16:05:07 1 4096 65614610 23805264 21356548 27 242396 1339524 110046 0 6091 0 0 2097152 0 0
SEP
MEM comp06 1608325508 2020/12/18 16:05:08 1 4096 65614610 23489242 21608426 27 243034 1453700 110694 0 6091 0 0 2097152 0 0
SEP
MEM comp06 1608325509 2020/12/18 16:05:09 1 4096 65614610 23167556 21736015 27 243336 1446517 110998 0 6091 0 0 2097152 0 0
SEP
MEM comp06 1608325510 2020/12/18 16:05:10 1 4096 65614610 22904990 21868487 27 243624 1442446 111302 0 6091 0 0 2097152 0 0
SEP
MEM comp06 1608325511 2020/12/18 16:05:11 1 4096 65614610 22631915 22002071 27 243930 1439358 111606 0 6091 0 0 2097152 0 0
SEP
MEM comp06 1608325512 2020/12/18 16:05:12 1 4096 65614610 22370166 22131951 27 244224 1431718 111902 0 6091 0 0 2097152 0 0
SEP
MEM comp06 1608325513 2020/12/18 16:05:13 1 4096 65614610 21579584 22795345 27 245562 1960246 113190 0 6091 0 0 2097152 0 0
SEP
MEM comp06 1608325514 2020/12/18 16:05:14 1 4096 65614610 21007505 24555863 27 249522 3585514 117126 0 6091 0 0 2097152 0 0
SEP
MEM comp06 1608325515 2020/12/18 16:05:15 1 4096 65614610 20211640 24711484 27 250094 3604888 117686 0 6091 0 0 2097152 0 0
SEP
MEM comp06 1608325516 2020/12/18 16:05:16 1 4096 65614610 19873646 24841536 27 250218 3599761 117966 0 6091 0 0 2097152 0 0
SEP
MEM comp06 1608325517 2020/12/18 16:05:17 1 4096 65614610 19151971 25423972 27 251440 4043300 119198 0 6091 0 0 2097152 0 0
SEP
MEM comp06 1608325518 2020/12/18 16:05:18 1 4096 65614610 18715282 26013579 27 252782 4495961 120542 0 6091 0 0 2097152 0 0
SEP
MEM comp06 1608325519 2020/12/18 16:05:19 1 4096 65614610 18275106 26711526 27 254334 5058873 122094 0 6091 0 0 2097152 0 0
SEP
MEM comp06 1608325520 2020/12/18 16:05:20 1 4096 65614610 16972557 27196608 27 255238 5410491 122998 0 6091 0 0 2097152 0 0
SEP
MEM comp06 1608325521 2020/12/18 16:05:21 1 4096 65614610 15109729 29614383 27 260814 7690739 128574 0 6091 0 0 2097152 0 0
SEP
MEM comp06 1608325522 2020/12/18 16:05:22 1 4096 65614610 14329277 30024783 27 261864 7965628 129646 0 6091 0 0 2097152 0 0
SEP
MEM comp06 1608325523 2020/12/18 16:05:23 1 4096 65614610 13439495 30334608 27 262534 8138090 130318 0 6091 0 0 2097152 0 0
SEP
MEM comp06 1608325524 2020/12/18 16:05:24 1 4096 65614610 12457269 31867539 27 265758 9536086 133542 0 6091 0 0 2097152 0 0
SEP
MEM comp06 1608325525 2020/12/18 16:05:25 1 4096 65614610 10164070 33739426 27 270102 11274256 137886 0 6091 0 0 2097152 0 0
SEP
MEM comp06 1608325526 2020/12/18 16:05:26 1 4096 65614610 8182741 36076740 27 275462 13476484 143238 0 6091 0 0 2097152 0 0
SEP
MEM comp06 1608325527 2020/12/18 16:05:27 1 4096 65614610 6801592 37083054 27 277782 14350452 145558 0 6091 0 0 2097152 0 0
SEP
MEM comp06 1608325528 2020/12/18 16:05:28 1 4096 65614610 4807770 38641434 27 281065 15786234 148838 0 6091 0 0 2097152 0 0
SEP
MEM comp06 1608325529 2020/12/18 16:05:29 1 4096 65614610 3865182 39231227 27 282877 16326131 150670 0 6091 0 0 2097152 0 0
SEP
MEM comp06 1608325530 2020/12/18 16:05:30 1 4096 65614610 3836443 39259955 27 282947 16228656 150726 0 6091 0 0 2097152 0 0
SEP
MEM comp06 1608325531 2020/12/18 16:05:31 1 4096 65614610 3812440 39283399 27 283031 16130307 150782 0 6091 0 0 2097152 0 0
SEP
MEM comp06 1608325532 2020/12/18 16:05:32 1 4096 65614610 3783274 39313381 27 283097 16033441 150854 0 6091 0 0 2097152 0 0
SEP
MEM comp06 1608325533 2020/12/18 16:05:33 1 4096 65614610 3751238 39345253 27 283201 15938913 150926 0 6091 0 0 2097152 0 0
SEP
MEM comp06 1608325534 2020/12/18 16:05:34 1 4096 65614610 3711312 39385094 27 283311 15852754 151022 0 6091 0 0 2097152 0 0
SEP
MEM comp06 1608325535 2020/12/18 16:05:35 1 4096 65614610 3677800 39418881 27 283377 15758733 151102 0 6091 0 0 2097152 0 0
SEP
MEM comp06 1608325536 2020/12/18 16:05:36 1 4096 65614610 3646706 39449961 27 283475 15664362 151150 0 6091 0 0 2097152 0 0
SEP
MEM comp06 1608325537 2020/12/18 16:05:37 1 4096 65614610 3617270 39479458 27 283531 15566759 151214 0 6091 0 0 2097152 0 0
SEP
MEM comp06 1608325538 2020/12/18 16:05:38 1 4096 65614610 3587720 39508525 27 283703 15472444 151302 0 6091 0 0 2097152 0 0
SEP
MEM comp06 1608325539 2020/12/18 16:05:39 1 4096 65614610 3559336 39536954 27 283667 15377905 151350 0 6091 0 0 2097152 0 0
SEP
MEM comp06 1608325540 2020/12/18 16:05:40 1 4096 65614610 3531574 39565498 27 283799 15278483 151398 0 6091 0 0 2097152 0 0
SEP
MEM comp06 1608325541 2020/12/18 16:05:41 1 4096 65614610 3502438 39593826 27 283765 15183835 151470 0 6091 0 0 2097152 0 0
SEP
MEM comp06 1608325542 2020/12/18 16:05:42 1 4096 65614610 3472719 39623746 27 283861 15087637 151558 0 6091 0 0 2097152 0 0
SEP
MEM comp06 1608325543 2020/12/18 16:05:43 1 4096 65614610 3444939 39651321 27 283989 14987774 151614 0 6091 0 0 2097152 0 0
SEP
MEM comp06 1608325544 2020/12/18 16:05:44 1 4096 65614610 3416718 39679303 27 284049 14900734 151686 0 6091 0 0 2097152 0 0
SEP
MEM comp06 1608325545 2020/12/18 16:05:45 1 4096 65614610 3389028 39707820 27 284069 14805651 151742 0 6091 0 0 2097152 0 0
SEP
MEM comp06 1608325546 2020/12/18 16:05:46 1 4096 65614610 3358500 39737654 27 284109 14711216 151814 0 6091 0 0 2097152 0 0
SEP
MEM comp06 1608325547 2020/12/18 16:05:47 1 4096 65614610 3320987 39775113 27 284207 14628178 151902 0 6091 0 0 2097152 0 0
SEP
MEM comp06 1608325548 2020/12/18 16:05:48 1 4096 65614610 3276939 39818889 27 284337 14548378 152022 0 6091 0 0 2097152 0 0
SEP
MEM comp06 1608325549 2020/12/18 16:05:49 1 4096 65614610 3227853 39867947 27 284385 14476124 152086 0 6091 0 0 2097152 0 0
SEP
MEM comp06 1608325550 2020/12/18 16:05:50 1 4096 65614610 3171669 39924619 27 284511 14413372 152230 0 6091 0 0 2097152 0 0
SEP
MEM comp06 1608325551 2020/12/18 16:05:51 1 4096 65614610 3105981 39989750 27 284679 14354714 152358 0 6091 0 0 2097152 0 0
SEP
MEM comp06 1608325552 2020/12/18 16:05:52 1 4096 65614610 3037309 40058106 27 284851 14307249 152542 0 6091 0 0 2097152 0 0
SEP
MEM comp06 1608325553 2020/12/18 16:05:53 1 4096 65614610 2961963 40133376 27 284995 14264237 152718 0 6091 0 0 2097152 0 0
SEP
MEM comp06 1608325554 2020/12/18 16:05:54 1 4096 65614610 2883780 40211308 27 285191 14219811 152870 0 6091 0 0 2097152 0 0
SEP
MEM comp06 1608325555 2020/12/18 16:05:55 1 4096 65614610 2802033 40292900 27 285347 14186837 153070 0 6091 0 0 2097152 0 0
SEP
MEM comp06 1608325556 2020/12/18 16:05:56 1 4096 65614610 2717991 40376719 27 285565 14155469 153246 0 6091 0 0 2097152 0 0
SEP
MEM comp06 1608325557 2020/12/18 16:05:57 1 4096 65614610 2629319 40465198 27 285779 14125615 153470 0 6091 0 0 2097152 0 0
SEP
MEM comp06 1608325558 2020/12/18 16:05:58 1 4096 65614610 2539742 40554602 27 285959 14108049 153678 0 6091 0 0 2097152 0 0
SEP
MEM comp06 1608325559 2020/12/18 16:05:59 1 4096 65614610 2447855 40646364 27 286153 14085013 153862 0 6091 0 0 2097152 0 0
SEP
MEM comp06 1608325560 2020/12/18 16:06:00 1 4096 65614610 3071691 40756000 27 286593 14077849 154126 0 6091 0 0 2097152 0 0
SEP
MEM comp06 1608325561 2020/12/18 16:06:01 1 4096 65614610 2955632 40871690 27 286899 14074816 154406 0 6091 0 0 2097152 0 0
SEP
MEM comp06 1608325562 2020/12/18 16:06:02 1 4096 65614610 2838545 40988624 27 287122 14070417 154654 0 6091 0 0 2097152 0 0
SEP
MEM comp06 1608325563 2020/12/18 16:06:03 1 4096 65614610 2720986 41105834 27 287410 14070307 154910 0 6091 0 0 2097152 0 0
SEP
MEM comp06 1608325564 2020/12/18 16:06:04 1 4096 65614610 2603851 41222768 27 287674 14069993 155174 0 6091 0 0 2097152 0 0
SEP
MEM comp06 1608325565 2020/12/18 16:06:05 1 4096 65614610 2485371 41341062 27 287798 14067079 155446 0 6091 0 0 2097152 0 0
SEP
MEM comp06 1608325566 2020/12/18 16:06:06 1 4096 65614610 2369085 41457354 27 288104 14069651 155670 0 6091 0 0 2097152 0 0
SEP
MEM comp06 1608325567 2020/12/18 16:06:07 1 4096 65614610 2250321 41575334 27 288432 14073568 155998 0 6091 0 0 2097152 0 0
SEP
MEM comp06 1608325568 2020/12/18 16:06:08 1 4096 65614610 2132170 41693470 27 288606 14068934 156262 0 6091 0 0 2097152 0 0
SEP
MEM comp06 1608325569 2020/12/18 16:06:09 1 4096 65614610 2016018 41809348 27 288880 14074284 156518 0 6091 0 0 2097152 0 0
SEP
MEM comp06 1608325570 2020/12/18 16:06:10 1 4096 65614610 1898592 41926528 27 289126 14077334 156774 0 6091 0 0 2097152 0 0
SEP
MEM comp06 1608325571 2020/12/18 16:06:11 1 4096 65614610 1780810 42043491 27 289392 14067726 157022 0 6091 0 0 2097152 0 0
SEP
MEM comp06 1608325572 2020/12/18 16:06:12 1 4096 65614610 1662955 42161640 27 289690 14061968 157310 0 6091 0 0 2097152 0 0
SEP
MEM comp06 1608325573 2020/12/18 16:06:13 1 4096 65614610 1544091 42280238 27 289946 14064338 157574 0 6091 0 0 2097152 0 0
SEP
MEM comp06 1608325574 2020/12/18 16:06:14 1 4096 65614610 1426416 42397635 27 290224 14073825 157870 0 6091 0 0 2097152 0 0
SEP
MEM comp06 1608325575 2020/12/18 16:06:15 1 4096 65614610 1310462 42513178 27 290486 14070622 158102 0 6091 0 0 2097152 0 0
SEP
MEM comp06 1608325576 2020/12/18 16:06:16 1 4096 65614610 1194527 42630323 27 290586 14064779 158246 0 6091 0 0 2097152 0 0
SEP
MEM comp06 1608325577 2020/12/18 16:06:17 1 4096 65614610 1158857 42664427 27 290964 14078581 158614 0 6091 0 0 2097152 0 0
SEP
MEM comp06 1608325578 2020/12/18 16:06:18 1 4096 65614610 1123173 42699910 27 291236 14078346 158878 0 6091 0 0 2097152 0 0
SEP
MEM comp06 1608325579 2020/12/18 16:06:19 1 4096 65614610 1088181 42734541 27 291536 14070759 159166 0 6091 0 0 2097152 0 0
SEP
MEM comp06 1608325580 2020/12/18 16:06:20 1 4096 65614610 1054008 42768477 27 291780 14082470 159422 0 6091 0 0 2097152 0 0
SEP
MEM comp06 1608325581 2020/12/18 16:06:21 1 4096 65614610 1020772 42801398 27 292096 14083297 159726 0 6091 0 0 2097152 0 0
SEP
MEM comp06 1608325582 2020/12/18 16:06:22 1 4096 65614610 988157 42834376 27 292266 14076360 159918 0 6091 0 0 2097152 0 0
SEP
MEM comp06 1608325583 2020/12/18 16:06:23 1 4096 65614610 870363 42951311 27 292586 14084351 160222 0 6091 0 0 2097152 0 0
SEP
MEM comp06 1608325584 2020/12/18 16:06:24 1 4096 65614610 836071 42985314 27 292866 14073468 160478 0 6091 0 0 2097152 0 0
SEP
MEM comp06 1608325585 2020/12/18 16:06:25 1 4096 65614610 800531 43020602 27 293112 14066569 160734 0 6091 0 0 2097152 0 0
SEP
MEM comp06 1608325586 2020/12/18 16:06:26 1 4096 65614610 692538 43128297 27 293402 14074342 161014 0 6091 0 0 2097152 0 0
SEP
MEM comp06 1608325587 2020/12/18 16:06:27 1 4096 65614610 732523 43088894 27 293618 14078027 161230 0 6091 0 0 2097152 0 0
SEP
MEM comp06 1608325588 2020/12/18 16:06:28 1 4096 65614610 696815 43123572 27 293916 14078692 161550 0 6091 0 0 2097152 0 0
SEP
MEM comp06 1608325589 2020/12/18 16:06:29 1 4096 65614610 937239 43248453 27 294338 14104248 161838 0 6091 0 0 2097152 0 0
SEP
MEM comp06 1608325590 2020/12/18 16:06:30 1 4096 65614610 610342 43209380 27 294532 14124103 162102 0 6091 0 0 2097152 0 0
SEP
MEM comp06 1608325591 2020/12/18 16:06:31 1 4096 65614610 572076 43247463 27 294712 14139349 162374 0 6091 0 0 2097152 0 0
SEP
MEM comp06 1608325592 2020/12/18 16:06:32 1 4096 65614610 540090 43279630 27 294948 14149415 162582 0 6091 0 0 2097152 0 0
SEP
MEM comp06 1608325593 2020/12/18 16:06:33 1 4096 65614610 476860 43343185 27 295384 14157098 162894 0 6091 0 0 2097152 0 0
SEP
MEM comp06 1608325594 2020/12/18 16:06:34 1 4096 65614610 479131 43339911 27 295612 14157855 163110 0 6091 0 0 2097152 0 0
SEP
MEM comp06 1608325595 2020/12/18 16:06:35 1 4096 65614610 369019 43450293 27 295866 14164025 163406 0 6091 0 0 2097152 0 0
SEP
MEM comp06 1608325596 2020/12/18 16:06:36 1 4096 65614610 341016 43478065 27 296086 14169006 163654 0 6091 0 0 2097152 0 0
SEP
MEM comp06 1608325597 2020/12/18 16:06:37 1 4096 65614610 230789 43587658 27 296288 14166001 163870 0 6091 0 0 2097152 0 0
SEP
MEM comp06 1608325598 2020/12/18 16:06:38 1 4096 65614610 280535 43539003 27 296546 14170610 164118 0 6091 0 0 2097152 0 0
SEP
MEM comp06 1608325599 2020/12/18 16:06:39 1 4096 65614610 328357 43490088 27 296866 14156070 164382 0 6091 0 0 2097152 0 0
SEP
MEM comp06 1608325600 2020/12/18 16:06:40 1 4096 65614610 223310 43595053 27 297008 14140063 164654 0 6091 0 0 2097152 0 0
SEP
MEM comp06 1608325601 2020/12/18 16:06:41 1 4096 65614610 265088 43553024 27 297270 14141594 164894 0 6091 0 0 2097152 0 0
SEP
MEM comp06 1608325602 2020/12/18 16:06:42 1 4096 65614610 275677 43542177 27 297534 14138911 165150 0 6091 0 0 2097152 0 0
SEP
MEM comp06 1608325603 2020/12/18 16:06:43 1 4096 65614610 307749 43510817 27 297812 14123743 165374 0 6091 0 0 2097152 0 0
SEP
MEM comp06 1608325604 2020/12/18 16:06:44 1 4096 65614610 327826 43489376 27 298172 14116920 165686 0 6091 0 0 2097152 0 0
SEP
MEM comp06 1608325605 2020/12/18 16:06:45 1 4096 65614610 254115 43562919 27 298386 14113886 165926 0 6091 0 0 2097152 0 0
SEP
MEM comp06 1608325606 2020/12/18 16:06:46 1 4096 65614610 292017 43524721 27 298704 14100765 166166 0 6091 0 0 2097152 0 0
SEP
MEM comp06 1608325607 2020/12/18 16:06:47 1 4096 65614610 314206 43502420 27 298822 14089593 166414 0 6091 0 0 2097152 0 0
SEP
MEM comp06 1608325608 2020/12/18 16:06:48 1 4096 65614610 289226 43527624 27 299080 14083716 166646 0 6091 0 0 2097152 0 0
SEP
MEM comp06 1608325609 2020/12/18 16:06:49 1 4096 65614610 324845 43491236 27 299376 14097960 166958 0 6091 0 0 2097152 0 0
SEP
MEM comp06 1608325610 2020/12/18 16:06:50 1 4096 65614610 236903 43578808 27 299622 14093243 167206 0 6091 0 0 2097152 0 0
SEP
MEM comp06 1608325611 2020/12/18 16:06:51 1 4096 65614610 253996 43561655 27 299880 14085786 167470 0 6091 0 0 2097152 0 0
SEP
MEM comp06 1608325612 2020/12/18 16:06:52 1 4096 65614610 279641 43535623 27 300212 14079884 167766 0 6091 0 0 2097152 0 0
SEP
MEM comp06 1608325613 2020/12/18 16:06:53 1 4096 65614610 302373 43512687 27 300412 14094412 168022 0 6091 0 0 2097152 0 0
SEP
MEM comp06 1608325614 2020/12/18 16:06:54 1 4096 65614610 312591 43502231 27 300652 14088635 168278 0 6091 0 0 2097152 0 0
SEP
MEM comp06 1608325615 2020/12/18 16:06:55 1 4096 65614610 301601 43512935 27 300928 14082657 168526 0 6091 0 0 2097152 0 0
SEP
MEM comp06 1608325616 2020/12/18 16:06:56 1 4096 65614610 242629 43571535 27 301310 14110780 168814 0 6091 0 0 2097152 0 0
SEP
MEM comp06 1608325617 2020/12/18 16:06:57 1 4096 65614610 267797 43546226 27 301454 14137478 169046 0 6091 0 0 2097152 0 0
SEP
MEM comp06 1608325618 2020/12/18 16:06:58 1 4096 65614610 294442 43520011 27 301638 14144469 169262 0 6091 0 0 2097152 0 0
SEP
MEM comp06 1608325619 2020/12/18 16:06:59 1 4096 65614610 972404 43500913 27 301948 14141302 169550 0 6091 0 0 2097152 0 0
SEP
MEM comp06 1608325620 2020/12/18 16:07:00 1 4096 65614610 324887 43488194 27 302360 14167955 169838 0 6091 0 0 2097152 0 0
SEP
MEM comp06 1608325621 2020/12/18 16:07:01 1 4096 65614610 230731 43582185 27 302528 14189858 170094 0 6091 0 0 2097152 0 0
SEP
MEM comp06 1608325622 2020/12/18 16:07:02 1 4096 65614610 259344 43553497 27 302704 14201369 170326 0 6091 0 0 2097152 0 0
SEP
MEM comp06 1608325623 2020/12/18 16:07:03 1 4096 65614610 295964 43516960 27 302998 14181288 170542 0 6091 0 0 2097152 0 0
SEP
MEM comp06 1608325624 2020/12/18 16:07:04 1 4096 65614610 229171 43583075 27 303290 14172824 170822 0 6091 0 0 2097152 0 0
SEP
MEM comp06 1608325625 2020/12/18 16:07:05 1 4096 65614610 280994 43530921 27 303568 14176154 171078 0 6091 0 0 2097152 0 0
SEP
MEM comp06 1608325626 2020/12/18 16:07:06 1 4096 65614610 308003 43503805 27 303678 14169810 171326 0 6091 0 0 2097152 0 0
SEP
MEM comp06 1608325627 2020/12/18 16:07:07 1 4096 65614610 332379 43479093 27 304022 14185388 171566 0 6091 0 0 2097152 0 0
SEP
MEM comp06 1608325628 2020/12/18 16:07:08 1 4096 65614610 271377 43539954 27 304166 14169706 171798 0 6091 0 0 2097152 0 0
SEP
MEM comp06 1608325629 2020/12/18 16:07:09 1 4096 65614610 301157 43509863 27 304458 14173630 172070 0 6091 0 0 2097152 0 0
SEP
MEM comp06 1608325630 2020/12/18 16:07:10 1 4096 65614610 222648 43588133 27 304708 14157384 172318 0 6091 0 0 2097152 0 0
SEP
MEM comp06 1608325631 2020/12/18 16:07:11 1 4096 65614610 252685 43557844 27 304960 14166024 172566 0 6091 0 0 2097152 0 0
SEP
MEM comp06 1608325632 2020/12/18 16:07:12 1 4096 65614610 294487 43515735 27 305270 14190755 172814 0 6091 0 0 2097152 0 0
SEP
MEM comp06 1608325633 2020/12/18 16:07:13 1 4096 65614610 329591 43480437 27 305460 14212634 173054 0 6091 0 0 2097152 0 0
SEP
MEM comp06 1608325634 2020/12/18 16:07:14 1 4096 65614610 262396 43547287 27 305720 14230926 173262 0 6091 0 0 2097152 0 0
SEP
MEM comp06 1608325635 2020/12/18 16:07:15 1 4096 65614610 325521 43484093 27 305882 14246844 173462 0 6091 0 0 2097152 0 0
SEP
MEM comp06 1608325636 2020/12/18 16:07:16 1 4096 65614610 232096 43577329 27 306116 14262063 173654 0 6091 0 0 2097152 0 0
SEP
MEM comp06 1608325637 2020/12/18 16:07:17 1 4096 65614610 256617 43552617 27 306270 14274749 173862 0 6091 0 0 2097152 0 0
SEP
MEM comp06 1608325638 2020/12/18 16:07:18 1 4096 65614610 329491 43479582 27 306560 14285584 174054 0 6091 0 0 2097152 0 0
SEP
MEM comp06 1608325639 2020/12/18 16:07:19 1 4096 65614610 247049 43561906 27 306612 14297244 174214 0 6091 0 0 2097152 0 0
SEP
MEM comp06 1608325640 2020/12/18 16:07:20 1 4096 65614610 293338 43515356 27 306794 14290370 174406 0 6091 0 0 2097152 0 0
SEP
MEM comp06 1608325641 2020/12/18 16:07:21 1 4096 65614610 332621 43475843 27 307062 14252014 174598 0 6091 0 0 2097152 0 0
SEP
MEM comp06 1608325642 2020/12/18 16:07:22 1 4096 65614610 288712 43519657 27 307158 14245153 174774 0 6091 0 0 2097152 0 0
SEP
MEM comp06 1608325643 2020/12/18 16:07:23 1 4096 65614610 247862 43560323 27 307352 14205699 174974 0 6091 0 0 2097152 0 0
SEP
MEM comp06 1608325644 2020/12/18 16:07:24 1 4096 65614610 252348 43555761 27 307562 14191219 175158 0 6091 0 0 2097152 0 0
SEP
MEM comp06 1608325645 2020/12/18 16:07:25 1 4096 65614610 258190 43549555 27 307776 14200669 175374 0 6091 0 0 2097152 0 0
SEP
MEM comp06 1608325646 2020/12/18 16:07:26 1 4096 65614610 246838 43560738 27 307950 14167120 175558 0 6091 0 0 2097152 0 0
SEP
MEM comp06 1608325647 2020/12/18 16:07:27 1 4096 65614610 256591 43550705 27 308214 14139889 175782 0 6091 0 0 2097152 0 0
SEP
MEM comp06 1608325648 2020/12/18 16:07:28 1 4096 65614610 247558 43559584 27 308406 14115511 176006 0 6091 0 0 2097152 0 0
SEP
MEM comp06 1608325649 2020/12/18 16:07:29 1 4096 65614610 254604 43552435 27 308616 14118545 176206 0 6091 0 0 2097152 0 0
SEP
MEM comp06 1608325650 2020/12/18 16:07:30 1 4096 65614610 304020 43502475 27 308874 14102617 176462 0 6091 0 0 2097152 0 0
SEP
MEM comp06 1608325651 2020/12/18 16:07:31 1 4096 65614610 319193 43487049 27 309164 14082819 176702 0 6091 0 0 2097152 0 0
SEP
MEM comp06 1608325652 2020/12/18 16:07:32 1 4096 65614610 251381 43554772 27 309384 14096112 176934 0 6091 0 0 2097152 0 0
SEP
MEM comp06 1608325653 2020/12/18 16:07:33 1 4096 65614610 304371 43501326 27 309672 14088521 177198 0 6091 0 0 2097152 0 0
SEP
MEM comp06 1608325654 2020/12/18 16:07:34 1 4096 65614610 320085 43485664 27 309870 14086653 177430 0 6091 0 0 2097152 0 0
SEP
MEM comp06 1608325655 2020/12/18 16:07:35 1 4096 65614610 229583 43575785 27 310060 14066041 177670 0 6091 0 0 2097152 0 0
SEP
MEM comp06 1608325656 2020/12/18 16:07:36 1 4096 65614610 280084 43524934 27 310440 14078153 177926 0 6091 0 0 2097152 0 0
SEP
MEM comp06 1608325657 2020/12/18 16:07:37 1 4096 65614610 305599 43499248 27 310614 14095390 178174 0 6091 0 0 2097152 0 0
SEP
MEM comp06 1608325658 2020/12/18 16:07:38 1 4096 65614610 294474 43510203 27 310804 14102573 178398 0 6091 0 0 2097152 0 0
SEP
MEM comp06 1608325659 2020/12/18 16:07:39 1 4096 65614610 228398 43576064 27 311038 14091522 178638 0 6091 0 0 2097152 0 0
SEP
MEM comp06 1608325660 2020/12/18 16:07:40 1 4096 65614610 270677 43533485 27 311310 14085276 178878 0 6091 0 0 2097152 0 0
SEP
MEM comp06 1608325661 2020/12/18 16:07:41 1 4096 65614610 312267 43491668 27 311568 14079720 179110 0 6091 0 0 2097152 0 0
SEP
MEM comp06 1608325662 2020/12/18 16:07:42 1 4096 65614610 364934 43438821 27 311758 14091644 179358 0 6091 0 0 2097152 0 0
SEP
MEM comp06 1608325663 2020/12/18 16:07:43 1 4096 65614610 260227 43543355 27 311986 14095725 179590 0 6091 0 0 2097152 0 0
SEP
MEM comp06 1608325664 2020/12/18 16:07:44 1 4096 65614610 307464 43495795 27 312234 14076601 179822 0 6091 0 0 2097152 0 0
SEP
MEM comp06 1608325665 2020/12/18 16:07:45 1 4096 65614610 321228 43482315 27 312492 14071545 180038 0 6091 0 0 2097152 0 0
SEP
MEM comp06 1608325666 2020/12/18 16:07:46 1 4096 65614610 250786 43552024 27 312750 14072485 180322 0 6091 0 0 2097152 0 0
SEP
MEM comp06 1608325667 2020/12/18 16:07:47 1 4096 65614610 284929 43517603 27 312936 14055190 180578 0 6091 0 0 2097152 0 0
SEP
MEM comp06 1608325668 2020/12/18 16:07:48 1 4096 65614610 308012 43494283 27 313198 14050269 180826 0 6091 0 0 2097152 0 0
SEP
MEM comp06 1608325669 2020/12/18 16:07:49 1 4096 65614610 317555 43484478 27 313412 14049467 181074 0 6091 0 0 2097152 0 0
SEP
MEM comp06 1608325670 2020/12/18 16:07:50 1 4096 65614610 258465 43543579 27 313660 14058137 181282 0 6091 0 0 2097152 0 0
SEP
MEM comp06 1608325671 2020/12/18 16:07:51 1 4096 65614610 1036773 43498663 27 313902 14051438 181570 0 6091 0 0 2097152 0 0
SEP
MEM comp06 1608325672 2020/12/18 16:07:52 1 4096 65614610 903052 43632115 27 314274 14060985 181882 0 6091 0 0 2097152 0 0
SEP
MEM comp06 1608325673 2020/12/18 16:07:53 1 4096 65614610 771647 43763335 27 314562 14067385 182186 0 6091 0 0 2097152 0 0
SEP
MEM comp06 1608325674 2020/12/18 16:07:54 1 4096 65614610 640261 43894300 27 314880 14093181 182466 0 6091 0 0 2097152 0 0
SEP
MEM comp06 1608325675 2020/12/18 16:07:55 1 4096 65614610 512484 44022116 27 315118 14111755 182722 0 6091 0 0 2097152 0 0
SEP
MEM comp06 1608325676 2020/12/18 16:07:56 1 4096 65614610 384459 44149685 27 315364 14117590 183042 0 6091 0 0 2097152 0 0
SEP
MEM comp06 1608325677 2020/12/18 16:07:57 1 4096 65614610 256839 44276963 27 315648 14122761 183338 0 6091 0 0 2097152 0 0
SEP
MEM comp06 1608325678 2020/12/18 16:07:58 1 4096 65614610 278803 44254668 27 315986 14128862 183634 0 6091 0 0 2097152 0 0
SEP
MEM comp06 1608325679 2020/12/18 16:07:59 1 4096 65614610 301111 44232114 27 316232 14133197 183898 0 6091 0 0 2097152 0 0
SEP
MEM comp06 1608325680 2020/12/18 16:08:00 1 4096 65614610 312288 44220627 27 316550 14147603 184186 0 6091 0 0 2097152 0 0
SEP
MEM comp06 1608325681 2020/12/18 16:08:01 1 4096 65614610 296734 44235825 27 316750 14151222 184402 0 6091 0 0 2097152 0 0
SEP
MEM comp06 1608325682 2020/12/18 16:08:02 1 4096 65614610 320529 44211868 27 317116 14162216 184746 0 6091 0 0 2097152 0 0
SEP
MEM comp06 1608325683 2020/12/18 16:08:03 1 4096 65614610 305729 44226315 27 317416 14171475 185002 0 6091 0 0 2097152 0 0
SEP
MEM comp06 1608325684 2020/12/18 16:08:04 1 4096 65614610 250857 44280952 27 317684 14169540 185298 0 6091 0 0 2097152 0 0
SEP
MEM comp06 1608325685 2020/12/18 16:08:05 1 4096 65614610 278320 44252932 27 317940 14176819 185554 0 6091 0 0 2097152 0 0
SEP
MEM comp06 1608325686 2020/12/18 16:08:06 1 4096 65614610 306162 44224924 27 318208 14185503 185834 0 6091 0 0 2097152 0 0
SEP
MEM comp06 1608325687 2020/12/18 16:08:07 1 4096 65614610 323302 44207596 27 318532 14195934 186122 0 6091 0 0 2097152 0 0
SEP
MEM comp06 1608325688 2020/12/18 16:08:08 1 4096 65614610 274655 44255956 27 318812 14208639 186418 0 6091 0 0 2097152 0 0
SEP
MEM comp06 1608325689 2020/12/18 16:08:09 1 4096 65614610 251351 44279142 27 319079 14216327 186666 0 6091 0 0 2097152 0 0
SEP
MEM comp06 1608325690 2020/12/18 16:08:10 1 4096 65614610 248907 44281189 27 319353 14221562 186954 0 6091 0 0 2097152 0 0
SEP
MEM comp06 1608325691 2020/12/18 16:08:11 1 4096 65614610 251574 44278239 27 319679 14229840 187194 0 6091 0 0 2097152 0 0
SEP
MEM comp06 1608325692 2020/12/18 16:08:12 1 4096 65614610 251540 44277920 27 319989 14235155 187498 0 6091 0 0 2097152 0 0
SEP
MEM comp06 1608325693 2020/12/18 16:08:13 1 4096 65614610 246150 44283108 27 320269 14239636 187762 0 6091 0 0 2097152 0 0
SEP
MEM comp06 1608325694 2020/12/18 16:08:14 1 4096 65614610 256315 44272666 27 320471 14250312 188010 0 6091 0 0 2097152 0 0
SEP
MEM comp06 1608325695 2020/12/18 16:08:15 1 4096 65614610 253390 44275257 27 320713 14258324 188282 0 6091 0 0 2097152 0 0
SEP
MEM comp06 1608325696 2020/12/18 16:08:16 1 4096 65614610 253818 44274589 27 320959 14265037 188554 0 6091 0 0 2097152 0 0
SEP
MEM comp06 1608325697 2020/12/18 16:08:17 1 4096 65614610 256863 44271507 27 321141 14290048 188802 0 6091 0 0 2097152 0 0
SEP
MEM comp06 1608325698 2020/12/18 16:08:18 1 4096 65614610 258005 44269984 27 321477 14321131 189066 0 6091 0 0 2097152 0 0
SEP
MEM comp06 1608325699 2020/12/18 16:08:19 1 4096 65614610 258049 44269664 27 321727 14360790 189306 0 6091 0 0 2097152 0 0
SEP
MEM comp06 1608325700 2020/12/18 16:08:20 1 4096 65614610 232128 44295427 27 321943 14369195 189538 0 6091 0 0 2097152 0 0
SEP
MEM comp06 1608325701 2020/12/18 16:08:21 1 4096 65614610 286125 44241173 27 322155 14369516 189778 0 6091 0 0 2097152 0 0
SEP
MEM comp06 1608325702 2020/12/18 16:08:22 1 4096 65614610 254144 44272976 27 322363 14347309 190002 0 6091 0 0 2097152 0 0
SEP
MEM comp06 1608325703 2020/12/18 16:08:23 1 4096 65614610 253721 44273111 27 322605 14342134 190242 0 6091 0 0 2097152 0 0
SEP
MEM comp06 1608325704 2020/12/18 16:08:24 1 4096 65614610 247571 44279039 27 322819 14346127 190474 0 6091 0 0 2097152 0 0
SEP
MEM comp06 1608325705 2020/12/18 16:08:25 1 4096 65614610 236209 44290155 27 323065 14347031 190714 0 6091 0 0 2097152 0 0
SEP
MEM comp06 1608325706 2020/12/18 16:08:26 1 4096 65614610 287410 44238808 27 323293 14349128 190986 0 6091 0 0 2097152 0 0
SEP
MEM comp06 1608325707 2020/12/18 16:08:27 1 4096 65614610 253703 44271957 27 323547 14350084 191178 0 6091 0 0 2097152 0 0
SEP
MEM comp06 1608325708 2020/12/18 16:08:28 1 4096 65614610 248588 44277054 27 323791 14352486 191450 0 6091 0 0 2097152 0 0
SEP
MEM comp06 1608325709 2020/12/18 16:08:29 1 4096 65614610 249661 44275705 27 324113 14332556 191682 0 6091 0 0 2097152 0 0
SEP
MEM comp06 1608325710 2020/12/18 16:08:30 1 4096 65614610 258932 44266224 27 324383 14334176 191930 0 6091 0 0 2097152 0 0
SEP
MEM comp06 1608325711 2020/12/18 16:08:31 1 4096 65614610 251946 44273067 27 324495 14328761 192162 0 6091 0 0 2097152 0 0
SEP
MEM comp06 1608325712 2020/12/18 16:08:32 1 4096 65614610 261232 44262867 27 324735 14325040 192402 0 6091 0 0 2097152 0 0
SEP
MEM comp06 1608325713 2020/12/18 16:08:33 1 4096 65614610 251738 44272679 27 325061 14313721 192674 0 6091 0 0 2097152 0 0
SEP
MEM comp06 1608325714 2020/12/18 16:08:34 1 4096 65614610 258617 44265464 27 325385 14297099 192914 0 6091 0 0 2097152 0 0
SEP
MEM comp06 1608325715 2020/12/18 16:08:35 1 4096 65614610 261527 44262456 27 325499 14293807 193162 0 6091 0 0 2097152 0 0
SEP
MEM comp06 1608325716 2020/12/18 16:08:36 1 4096 65614610 253069 44270375 27 325921 14308495 193434 0 6091 0 0 2097152 0 0
SEP
MEM comp06 1608325717 2020/12/18 16:08:37 1 4096 65614610 260449 44263118 27 325975 14305524 193634 0 6091 0 0 2097152 0 0
SEP
MEM comp06 1608325718 2020/12/18 16:08:38 1 4096 65614610 248088 44275150 27 326269 14293821 193930 0 6091 0 0 2097152 0 0
SEP
MEM comp06 1608325719 2020/12/18 16:08:39 1 4096 65614610 252715 44270240 27 326577 14281062 194170 0 6091 0 0 2097152 0 0
SEP
MEM comp06 1608325720 2020/12/18 16:08:40 1 4096 65614610 250260 44272440 27 326869 14275320 194442 0 6091 0 0 2097152 0 0
SEP
MEM comp06 1608325721 2020/12/18 16:08:41 1 4096 65614610 252547 44269935 27 327025 14264512 194706 0 6091 0 0 2097152 0 0
SEP
MEM comp06 1608325722 2020/12/18 16:08:42 1 4096 65614610 250371 44271990 27 327243 14252876 194914 0 6091 0 0 2097152 0 0
SEP
MEM comp06 1608325723 2020/12/18 16:08:43 1 4096 65614610 250670 44271312 27 327523 14264424 195218 0 6091 0 0 2097152 0 0
SEP
MEM comp06 1608325724 2020/12/18 16:08:44 1 4096 65614610 264786 44256773 27 327975 14268442 195482 0 6091 0 0 2097152 0 0
SEP
MEM comp06 1608325725 2020/12/18 16:08:45 1 4096 65614610 248802 44272692 27 328035 14259796 195738 0 6091 0 0 2097152 0 0
SEP
MEM comp06 1608325726 2020/12/18 16:08:46 1 4096 65614610 261636 44259522 27 328361 14248216 196010 0 6091 0 0 2097152 0 0
SEP
MEM comp06 1608325727 2020/12/18 16:08:47 1 4096 65614610 255437 44265479 27 328617 14242184 196282 0 6091 0 0 2097152 0 0
SEP
MEM comp06 1608325728 2020/12/18 16:08:48 1 4096 65614610 254021 44266632 27 328927 14234336 196538 0 6091 0 0 2097152 0 0
SEP
MEM comp06 1608325729 2020/12/18 16:08:49 1 4096 65614610 247040 44273305 27 329171 14250579 196826 0 6091 0 0 2097152 0 0
SEP
MEM comp06 1608325730 2020/12/18 16:08:50 1 4096 65614610 260314 44259843 27 329379 14267036 197082 0 6091 0 0 2097152 0 0
SEP
MEM comp06 1608325731 2020/12/18 16:08:51 1 4096 65614610 260475 44259459 27 329653 14257595 197338 0 6091 0 0 2097152 0 0
SEP
MEM comp06 1608325732 2020/12/18 16:08:52 1 4096 65614610 590926 44372350 27 329959 14268063 197634 0 6091 0 0 2097152 0 0
SEP
MEM comp06 1608325733 2020/12/18 16:08:53 1 4096 65614610 2104058 44501810 27 330391 14301075 197914 0 6091 0 0 2097152 0 0
SEP
MEM comp06 1608325734 2020/12/18 16:08:54 1 4096 65614610 11302650 44793454 27 331033 14485852 198594 0 6091 0 0 2097152 0 0
SEP
MEM comp06 1608325735 2020/12/18 16:08:55 1 4096 65614610 2789685 44956850 27 331395 14524896 198970 0 6091 0 0 2097152 0 0
SEP
MEM comp06 1608325736 2020/12/18 16:08:56 1 4096 65614610 2356910 45095725 27 331755 14542874 199290 0 6091 0 0 2097152 0 0
SEP
MEM comp06 1608325737 2020/12/18 16:08:57 1 4096 65614610 2356984 45095725 27 331737 14424130 199290 0 6091 0 0 2097152 0 0
SEP
MEM comp06 1608325738 2020/12/18 16:08:58 1 4096 65614610 2357045 45095725 27 331705 14315050 199290 0 6091 0 0 2097152 0 0
SEP
MEM comp06 1608325739 2020/12/18 16:08:59 1 4096 65614610 2357037 45095725 27 331713 14201369 199290 0 6091 0 0 2097152 0 0
SEP
MEM comp06 1608325740 2020/12/18 16:09:00 1 4096 65614610 2174610 45277925 27 332013 14253446 199690 0 6091 0 0 2097152 0 0
SEP
MEM comp06 1608325741 2020/12/18 16:09:01 1 4096 65614610 268284 47180072 27 336321 16035287 203978 0 6091 0 0 2097152 0 0
SEP
MEM comp06 1608325742 2020/12/18 16:09:02 1 4096 65614610 283571 47162102 27 338799 17014271 206490 0 6091 0 0 2097152 0 0
SEP
MEM comp06 1608325743 2020/12/18 16:09:03 1 4096 65614610 247975 47197564 27 339347 17143917 207018 0 6091 0 0 2097152 0 0
SEP
MEM comp06 1608325744 2020/12/18 16:09:04 1 4096 65614610 295126 47149692 27 339707 17160527 207378 0 6091 0 0 2097152 0 0
SEP
MEM comp06 1608325745 2020/12/18 16:09:05 1 4096 65614610 297130 47147224 27 339901 17132283 207594 0 6091 0 0 2097152 0 0
SEP
MEM comp06 1608325746 2020/12/18 16:09:06 1 4096 65614610 292403 47152041 27 340105 17084875 207762 0 6091 0 0 2097152 0 0
SEP
MEM comp06 1608325747 2020/12/18 16:09:07 1 4096 65614610 229449 47214920 27 340207 17042848 207874 0 6091 0 0 2097152 0 0
SEP
MEM comp06 1608325748 2020/12/18 16:09:08 1 4096 65614610 263227 47181492 27 340371 16983079 208034 0 6091 0 0 2097152 0 0
SEP
MEM comp06 1608325749 2020/12/18 16:09:09 1 4096 65614610 297096 47147535 27 340481 16915584 208146 0 6091 0 0 2097152 0 0
SEP
MEM comp06 1608325750 2020/12/18 16:09:10 1 4096 65614610 246365 47197447 27 340695 16855969 208250 0 6091 0 0 2097152 0 0
SEP
MEM comp06 1608325751 2020/12/18 16:09:11 1 4096 65614610 282728 47161488 27 340809 16784422 208354 0 6091 0 0 2097152 0 0
SEP
MEM comp06 1608325752 2020/12/18 16:09:12 1 4096 65614610 241878 47202044 27 340871 16715144 208442 0 6091 0 0 2097152 0 0
SEP
MEM comp06 1608325753 2020/12/18 16:09:13 1 4096 65614610 284411 47159301 27 340961 16634877 208530 0 6091 0 0 2097152 0 0
SEP
MEM comp06 1608325754 2020/12/18 16:09:14 1 4096 65614610 248228 47195065 27 341009 16560948 208610 0 6091 0 0 2097152 0 0
SEP
MEM comp06 1608325755 2020/12/18 16:09:15 1 4096 65614610 292856 47150556 27 341081 16478530 208674 0 6091 0 0 2097152 0 0
SEP
MEM comp06 1608325756 2020/12/18 16:09:16 1 4096 65614610 256888 47186588 27 341217 16389033 208794 0 6091 0 0 2097152 0 0
SEP
MEM comp06 1608325757 2020/12/18 16:09:17 1 4096 65614610 232475 47210991 27 341157 16303519 208826 0 6091 0 0 2097152 0 0
SEP
MEM comp06 1608325758 2020/12/18 16:09:18 1 4096 65614610 267711 47175639 27 341341 16229303 208922 0 6091 0 0 2097152 0 0
SEP
MEM comp06 1608325759 2020/12/18 16:09:19 1 4096 65614610 232585 47210257 27 341469 16139887 209010 0 6091 0 0 2097152 0 0
SEP
MEM comp06 1608325760 2020/12/18 16:09:20 1 4096 65614610 279700 47163299 27 341383 16047539 209074 0 6091 0 0 2097152 0 0
SEP
MEM comp06 1608325761 2020/12/18 16:09:21 1 4096 65614610 237420 47205665 27 341523 15979185 209186 0 6091 0 0 2097152 0 0
SEP
MEM comp06 1608325762 2020/12/18 16:09:22 1 4096 65614610 271698 47171398 27 341631 15906141 209306 0 6091 0 0 2097152 0 0
SEP
MEM comp06 1608325763 2020/12/18 16:09:23 1 4096 65614610 297078 47145864 27 341747 15850138 209410 0 6091 0 0 2097152 0 0
SEP
MEM comp06 1608325764 2020/12/18 16:09:24 1 4096 65614610 231623 47211387 27 342045 15810788 209594 0 6091 0 0 2097152 0 0
SEP
MEM comp06 1608325765 2020/12/18 16:09:25 1 4096 65614610 247749 47194907 27 342091 15758133 209762 0 6091 0 0 2097152 0 0
SEP
MEM comp06 1608325766 2020/12/18 16:09:26 1 4096 65614610 256562 47185930 27 342245 15709617 209938 0 6091 0 0 2097152 0 0
SEP
MEM comp06 1608325767 2020/12/18 16:09:27 1 4096 65614610 310927 47131358 27 342459 15670764 210122 0 6091 0 0 2097152 0 0
SEP
MEM comp06 1608325768 2020/12/18 16:09:28 1 4096 65614610 225923 47216004 27 342653 15642378 210322 0 6091 0 0 2097152 0 0
SEP
MEM comp06 1608325769 2020/12/18 16:09:29 1 4096 65614610 228893 47212761 27 342803 15609991 210498 0 6091 0 0 2097152 0 0
SEP
MEM comp06 1608325770 2020/12/18 16:09:30 1 4096 65614610 250316 47191397 27 343055 15580149 210722 0 6091 0 0 2097152 0 0
SEP
MEM comp06 1608325771 2020/12/18 16:09:31 1 4096 65614610 268911 47172554 27 343307 15558312 210930 0 6091 0 0 2097152 0 0
SEP
MEM comp06 1608325772 2020/12/18 16:09:32 1 4096 65614610 274981 47166199 27 343459 15540815 211130 0 6091 0 0 2097152 0 0
SEP
MEM comp06 1608325773 2020/12/18 16:09:33 1 4096 65614610 248631 47192355 27 343739 15513324 211362 0 6091 0 0 2097152 0 0
SEP
MEM comp06 1608325774 2020/12/18 16:09:34 1 4096 65614610 251149 47189295 27 344003 15490290 211570 0 6091 0 0 2097152 0 0
SEP
MEM comp06 1608325775 2020/12/18 16:09:35 1 4096 65614610 293533 47146915 27 344283 15478125 211874 0 6091 0 0 2097152 0 0
SEP
MEM comp06 1608325776 2020/12/18 16:09:36 1 4096 65614610 290826 47149421 27 344495 15463719 212090 0 6091 0 0 2097152 0 0
SEP
MEM comp06 1608325777 2020/12/18 16:09:37 1 4096 65614610 269210 47170745 27 344757 15453027 212330 0 6091 0 0 2097152 0 0
SEP
MEM comp06 1608325778 2020/12/18 16:09:38 1 4096 65614610 264736 47174990 27 345023 15437990 212594 0 6091 0 0 2097152 0 0
SEP
MEM comp06 1608325779 2020/12/18 16:09:39 1 4096 65614610 251697 47187689 27 345307 15424849 212834 0 6091 0 0 2097152 0 0
SEP
