RESET
MEM comp06 1608323619 2020/12/18 15:33:39 1489255 4096 65614610 65178743 25247 27 193031 2 61496 0 6086 0 0 2097152 0 0
SEP
MEM comp06 1608323620 2020/12/18 15:33:40 1 4096 65614610 64886916 177266 27 194210 7 62602 0 6086 0 0 2097152 0 0
SEP
MEM comp06 1608323621 2020/12/18 15:33:41 1 4096 65614610 64612093 315460 27 194330 7 62754 0 6086 0 0 2097152 0 0
SEP
MEM comp06 1608323622 2020/12/18 15:33:42 1 4096 65614610 64337440 453264 27 194486 7 62930 0 6086 0 0 2097152 0 0
SEP
MEM comp06 1608323623 2020/12/18 15:33:43 1 4096 65614610 64061965 589969 27 194758 2 63202 0 6086 0 0 2097152 0 0
SEP
MEM comp06 1608323624 2020/12/18 15:33:44 1 4096 65614610 63784914 729231 27 195076 2 63514 0 6086 0 0 2097152 0 0
SEP
MEM comp06 1608323625 2020/12/18 15:33:45 1 4096 65614610 63507404 866425 27 195366 2 63810 0 6086 0 0 2097152 0 0
SEP
MEM comp06 1608323626 2020/12/18 15:33:46 1 4096 65614610 63235491 1002641 27 195684 2 64122 0 6086 0 0 2097152 0 0
SEP
MEM comp06 1608323627 2020/12/18 15:33:47 1 4096 65614610 62957460 1142164 27 195986 2 64434 0 6086 0 0 2097152 0 0
SEP
MEM comp06 1608323628 2020/12/18 15:33:48 1 4096 65614610 62679843 1279634 27 196314 2 64754 0 6086 0 0 2097152 0 0
SEP
MEM comp06 1608323629 2020/12/18 15:33:49 1 4096 65614610 62402812 1418385 27 196622 2 65058 0 6086 0 0 2097152 0 0
SEP
MEM comp06 1608323630 2020/12/18 15:33:50 1 4096 65614610 62128817 1555088 27 196932 2 65362 0 6086 0 0 2097152 0 0
SEP
MEM comp06 1608323631 2020/12/18 15:33:51 1 4096 65614610 61853345 1692240 27 197216 2 65666 0 6086 0 0 2097152 0 0
SEP
MEM comp06 1608323632 2020/12/18 15:33:52 1 4096 65614610 61575746 1831057 27 197548 2 65986 0 6086 0 0 2097152 0 0
SEP
MEM comp06 1608323633 2020/12/18 15:33:53 1 4096 65614610 61298650 1969297 27 197888 2 66314 0 6086 0 0 2097152 0 0
SEP
MEM comp06 1608323634 2020/12/18 15:33:54 1 4096 65614610 61025198 2106000 27 198166 2 66610 0 6086 0 0 2097152 0 0
SEP
MEM comp06 1608323635 2020/12/18 15:33:55 1 4096 65614610 60748196 2243665 27 198460 2 66922 0 6086 0 0 2097152 0 0
SEP
MEM comp06 1608323636 2020/12/18 15:33:56 1 4096 65614610 60473177 2380941 27 198788 2 67218 0 6086 0 0 2097152 0 0
SEP
MEM comp06 1608323637 2020/12/18 15:33:57 1 4096 65614610 60197129 2518672 27 199108 2 67546 0 6086 0 0 2097152 0 0
SEP
MEM comp06 1608323638 2020/12/18 15:33:58 1 4096 65614610 59919537 2657936 27 199434 2 67866 0 6086 0 0 2097152 0 0
SEP
MEM comp06 1608323639 2020/12/18 15:33:59 1 4096 65614610 59641970 2795665 27 199754 2 68186 0 6086 0 0 2097152 0 0
SEP
MEM comp06 1608323640 2020/12/18 15:34:00 1 4096 65614610 59367479 2933412 27 200046 2 68482 0 6086 0 0 2097152 0 0
SEP
MEM comp06 1608323641 2020/12/18 15:34:01 1 4096 65614610 59093503 3069500 27 200356 2 68786 0 6086 0 0 2097152 0 0
SEP
MEM comp06 1608323642 2020/12/18 15:34:02 1 4096 65614610 58811812 3209874 27 200696 2 69122 0 6086 0 0 2097152 0 0
SEP
MEM comp06 1608323643 2020/12/18 15:34:03 1 4096 65614610 58540419 3346064 27 200982 2 69418 0 6086 0 0 2097152 0 0
SEP
MEM comp06 1608323644 2020/12/18 15:34:04 1 4096 65614610 58264505 3483333 27 201190 2 69626 0 6086 0 0 2097152 0 0
SEP
MEM comp06 1608323645 2020/12/18 15:34:05 1 4096 65614610 57986468 3621896 27 201476 2 69914 0 6086 0 0 2097152 0 0
SEP
MEM comp06 1608323646 2020/12/18 15:34:06 1 4096 65614610 57715517 3757712 27 201802 2 70226 0 6086 0 0 2097152 0 0
SEP
MEM comp06 1608323647 2020/12/18 15:34:07 1 4096 65614610 57437429 3895952 27 202116 2 70546 0 6086 0 0 2097152 0 0
SEP
MEM comp06 1608323648 2020/12/18 15:34:08 1 4096 65614610 57160897 4033681 27 202426 1 70866 0 6086 0 0 2097152 0 0
SEP
MEM comp06 1608323649 2020/12/18 15:34:09 1 4096 65614610 56879728 4172914 27 202754 1 71178 0 6086 0 0 2097152 0 0
SEP
MEM comp06 1608323650 2020/12/18 15:34:10 1 4096 65614610 56605233 4310163 27 203044 1 71490 0 6086 0 0 2097152 0 0
SEP
MEM comp06 1608323651 2020/12/18 15:34:11 1 4096 65614610 56329212 4447890 27 203352 1 71794 0 6086 0 0 2097152 0 0
SEP
MEM comp06 1608323652 2020/12/18 15:34:12 1 4096 65614610 56054709 4585157 27 203676 1 72106 0 6086 0 0 2097152 0 0
SEP
MEM comp06 1608323653 2020/12/18 15:34:13 1 4096 65614610 55778665 4723344 27 203988 0 72418 0 6086 0 0 2097152 0 0
SEP
MEM comp06 1608323654 2020/12/18 15:34:14 1 4096 65614610 55501693 4860771 27 204240 2 72682 0 6086 0 0 2097152 0 0
SEP
MEM comp06 1608323655 2020/12/18 15:34:15 1 4096 65614610 55225677 4999314 27 204546 2 72978 0 6086 0 0 2097152 0 0
SEP
MEM comp06 1608323656 2020/12/18 15:34:16 1 4096 65614610 54949195 5136926 27 204804 2 73250 0 6086 0 0 2097152 0 0
SEP
MEM comp06 1608323657 2020/12/18 15:34:17 1 4096 65614610 54672685 5273768 27 205096 2 73530 0 6086 0 0 2097152 0 0
SEP
MEM comp06 1608323658 2020/12/18 15:34:18 1 4096 65614610 54399766 5411473 27 205380 2 73810 0 6086 0 0 2097152 0 0
SEP
MEM comp06 1608323659 2020/12/18 15:34:19 1 4096 65614610 54121181 5549715 27 205682 2 74122 0 6086 0 0 2097152 0 0
SEP
MEM comp06 1608323660 2020/12/18 15:34:20 1 4096 65614610 53848738 5686929 27 205994 2 74426 0 6086 0 0 2097152 0 0
SEP
MEM comp06 1608323661 2020/12/18 15:34:21 1 4096 65614610 53572757 5823570 27 206290 2 74738 0 6086 0 0 2097152 0 0
SEP
MEM comp06 1608323662 2020/12/18 15:34:22 1 4096 65614610 53297191 5962301 27 206606 2 75050 0 6086 0 0 2097152 0 0
SEP
MEM comp06 1608323663 2020/12/18 15:34:23 1 4096 65614610 53018066 6100543 27 206928 2 75362 0 6086 0 0 2097152 0 0
SEP
MEM comp06 1608323664 2020/12/18 15:34:24 1 4096 65614610 52744073 6237841 27 207248 2 75682 0 6086 0 0 2097152 0 0
SEP
MEM comp06 1608323665 2020/12/18 15:34:25 1 4096 65614610 52467001 6375570 27 207564 2 76002 0 6086 0 0 2097152 0 0
SEP
MEM comp06 1608323666 2020/12/18 15:34:26 1 4096 65614610 52190436 6513810 27 207892 2 76322 0 6086 0 0 2097152 0 0
SEP
MEM comp06 1608323667 2020/12/18 15:34:27 1 4096 65614610 51915474 6651026 27 208172 2 76618 0 6086 0 0 2097152 0 0
SEP
MEM comp06 1608323668 2020/12/18 15:34:28 1 4096 65614610 51640441 6788753 27 208488 2 76930 0 6086 0 0 2097152 0 0
SEP
MEM comp06 1608323669 2020/12/18 15:34:29 1 4096 65614610 51363366 6927504 27 208814 2 77242 0 6086 0 0 2097152 0 0
SEP
MEM comp06 1608323670 2020/12/18 15:34:30 1 4096 65614610 51084279 7065235 27 209106 2 77554 0 6086 0 0 2097152 0 0
SEP
MEM comp06 1608323671 2020/12/18 15:34:31 1 4096 65614610 50811304 7202449 27 209424 2 77858 0 6086 0 0 2097152 0 0
SEP
MEM comp06 1608323672 2020/12/18 15:34:32 1 4096 65614610 50536306 7339661 27 209724 2 78162 0 6086 0 0 2097152 0 0
SEP
MEM comp06 1608323673 2020/12/18 15:34:33 1 4096 65614610 50256660 7478929 27 210058 2 78498 0 6086 0 0 2097152 0 0
SEP
MEM comp06 1608323674 2020/12/18 15:34:34 1 4096 65614610 49981920 7613847 27 210360 2 78802 0 6086 0 0 2097152 0 0
SEP
MEM comp06 1608323675 2020/12/18 15:34:35 1 4096 65614610 49706063 7752346 27 210674 2 79106 0 6086 0 0 2097152 0 0
SEP
MEM comp06 1608323676 2020/12/18 15:34:36 1 4096 65614610 49437156 7883438 27 210956 2 79410 0 6086 0 0 2097152 0 0
SEP
MEM comp06 1608323677 2020/12/18 15:34:37 1 4096 65614610 49179716 8007362 27 211230 2 79674 0 6086 0 0 2097152 0 0
SEP
MEM comp06 1608323678 2020/12/18 15:34:38 1 4096 65614610 49033270 8080327 27 211390 2 79842 0 6086 0 0 2097152 0 0
SEP
MEM comp06 1608323679 2020/12/18 15:34:39 1 4096 65614610 49032755 8080327 27 211400 2 79842 0 6086 0 0 2097152 0 0
SEP
MEM comp06 1608323680 2020/12/18 15:34:40 1 4096 65614610 48388811 8723238 27 212834 642997 81290 0 6086 0 0 2097152 0 0
SEP
MEM comp06 1608323681 2020/12/18 15:34:41 1 4096 65614610 46065326 11163327 27 218182 3082876 86602 0 6086 0 0 2097152 0 0
SEP
MEM comp06 1608323682 2020/12/18 15:34:42 1 4096 65614610 44648639 14297063 27 225230 6198892 93650 0 6086 0 0 2097152 0 0
SEP
MEM comp06 1608323683 2020/12/18 15:34:43 1 4096 65614610 43069571 15416079 27 228056 7192437 96410 0 6086 0 0 2097152 0 0
SEP
MEM comp06 1608323684 2020/12/18 15:34:44 1 4096 65614610 40997395 16097367 27 229666 7747083 97954 0 6086 0 0 2097152 0 0
SEP
MEM comp06 1608323685 2020/12/18 15:34:45 1 4096 65614610 41070868 16136969 27 229780 7662502 98122 0 6086 0 0 2097152 0 0
SEP
MEM comp06 1608323686 2020/12/18 15:34:46 1 4096 65614610 40912356 16182402 27 229846 7582393 98194 0 6086 0 0 2097152 0 0
SEP
MEM comp06 1608323687 2020/12/18 15:34:47 1 4096 65614610 40285610 16807746 27 231264 8080729 99578 0 6086 0 0 2097152 0 0
SEP
MEM comp06 1608323688 2020/12/18 15:34:48 1 4096 65614610 38975726 18205623 27 234362 9355380 102594 0 6086 0 0 2097152 0 0
SEP
MEM comp06 1608323689 2020/12/18 15:34:49 1 4096 65614610 36960191 21445011 27 241372 12468700 109716 0 6086 0 0 2097152 0 0
SEP
MEM comp06 1608323690 2020/12/18 15:34:50 1 4096 65614610 35307298 23369058 27 245936 14266350 114284 0 6086 0 0 2097152 0 0
SEP
MEM comp06 1608323691 2020/12/18 15:34:51 1 4096 65614610 33285864 23921868 27 247423 14693124 115668 0 6086 0 0 2097152 0 0
SEP
MEM comp06 1608323692 2020/12/18 15:34:52 1 4096 65614610 33155279 24193612 27 247959 14841532 116292 0 6086 0 0 2097152 0 0
SEP
MEM comp06 1608323693 2020/12/18 15:34:53 1 4096 65614610 32834926 24241674 27 248017 14767278 116356 0 6086 0 0 2097152 0 0
SEP
MEM comp06 1608323694 2020/12/18 15:34:54 1 4096 65614610 32205830 24869378 27 249475 15271385 117796 0 6086 0 0 2097152 0 0
SEP
MEM comp06 1608323695 2020/12/18 15:34:55 1 4096 65614610 31916254 25890839 27 251567 16164835 119884 0 6086 0 0 2097152 0 0
SEP
MEM comp06 1608323696 2020/12/18 15:34:56 1 4096 65614610 31076353 27460628 27 255359 17609010 123644 0 6086 0 0 2097152 0 0
SEP
MEM comp06 1608323697 2020/12/18 15:34:57 1 4096 65614610 30592847 28675666 27 257991 18700884 126300 0 6086 0 0 2097152 0 0
SEP
MEM comp06 1608323698 2020/12/18 15:34:58 1 4096 65614610 30624733 29375485 27 259597 19274875 127876 0 6086 0 0 2097152 0 0
SEP
MEM comp06 1608323699 2020/12/18 15:34:59 1 4096 65614610 30147182 29852234 27 260547 19634620 128836 0 6086 0 0 2097152 0 0
SEP
MEM comp06 1608323700 2020/12/18 15:35:00 1 4096 65614610 29825344 30173688 27 261401 19836404 129700 0 6086 0 0 2097152 0 0
SEP
MEM comp06 1608323701 2020/12/18 15:35:01 1 4096 65614610 29607067 30391540 27 261873 19935532 130172 0 6086 0 0 2097152 0 0
SEP
MEM comp06 1608323702 2020/12/18 15:35:02 1 4096 65614610 29463614 30534702 27 262171 19965082 130508 0 6086 0 0 2097152 0 0
SEP
MEM comp06 1608323703 2020/12/18 15:35:03 1 4096 65614610 29361218 30637025 27 262385 19946283 130716 0 6086 0 0 2097152 0 0
SEP
MEM comp06 1608323704 2020/12/18 15:35:04 1 4096 65614610 29265976 30731954 27 262611 19918556 130948 0 6086 0 0 2097152 0 0
SEP
MEM comp06 1608323705 2020/12/18 15:35:05 1 4096 65614610 29905937 30825532 27 262835 19886218 131140 0 6086 0 0 2097152 0 0
SEP
MEM comp06 1608323706 2020/12/18 15:35:06 1 4096 65614610 30523743 30941484 27 263143 19874660 131428 0 6086 0 0 2097152 0 0
SEP
MEM comp06 1608323707 2020/12/18 15:35:07 1 4096 65614610 30398962 31066012 27 263401 19879404 131708 0 6086 0 0 2097152 0 0
SEP
MEM comp06 1608323708 2020/12/18 15:35:08 1 4096 65614610 30273701 31191120 27 263681 19879940 131964 0 6086 0 0 2097152 0 0
SEP
MEM comp06 1608323709 2020/12/18 15:35:09 1 4096 65614610 30148719 31315560 27 263975 19877280 132220 0 6086 0 0 2097152 0 0
SEP
MEM comp06 1608323710 2020/12/18 15:35:10 1 4096 65614610 30023169 31440976 27 264321 19876916 132540 0 6086 0 0 2097152 0 0
SEP
MEM comp06 1608323711 2020/12/18 15:35:11 1 4096 65614610 29898152 31565572 27 264649 19875132 132836 0 6086 0 0 2097152 0 0
SEP
MEM comp06 1608323712 2020/12/18 15:35:12 1 4096 65614610 30506104 31691300 27 264901 19874908 133116 0 6086 0 0 2097152 0 0
SEP
MEM comp06 1608323713 2020/12/18 15:35:13 1 4096 65614610 31116341 31814772 27 265187 19872412 133380 0 6086 0 0 2097152 0 0
SEP
MEM comp06 1608323714 2020/12/18 15:35:14 1 4096 65614610 30991604 31939310 27 265315 19871526 133636 0 6086 0 0 2097152 0 0
SEP
MEM comp06 1608323715 2020/12/18 15:35:15 1 4096 65614610 32333105 32064955 27 265743 19887123 133964 0 6086 0 0 2097152 0 0
SEP
MEM comp06 1608323716 2020/12/18 15:35:16 1 4096 65614610 32245372 32152796 27 265923 19859220 134172 0 6086 0 0 2097152 0 0
SEP
