RESET
MEM comp06 1608323294 2020/12/18 15:28:14 1488930 4096 65614610 65181610 24467 27 191882 5 60611 0 6081 0 0 2097152 0 0
SEP
MEM comp06 1608323295 2020/12/18 15:28:15 1 4096 65614610 64930383 149621 27 193025 7 61747 0 6081 0 0 2097152 0 0
SEP
MEM comp06 1608323296 2020/12/18 15:28:16 1 4096 65614610 64679646 274549 27 193319 7 62037 0 6081 0 0 2097152 0 0
SEP
MEM comp06 1608323297 2020/12/18 15:28:17 1 4096 65614610 64429281 399477 27 193587 2 62317 0 6081 0 0 2097152 0 0
SEP
MEM comp06 1608323298 2020/12/18 15:28:18 1 4096 65614610 64179014 524405 27 193791 2 62533 0 6081 0 0 2097152 0 0
SEP
MEM comp06 1608323299 2020/12/18 15:28:19 1 4096 65614610 63928649 649333 27 194085 2 62813 0 6081 0 0 2097152 0 0
SEP
MEM comp06 1608323300 2020/12/18 15:28:20 1 4096 65614610 63713045 756090 27 194319 2 63053 0 6081 0 0 2097152 0 0
SEP
MEM comp06 1608323301 2020/12/18 15:28:21 1 4096 65614610 63712536 756090 27 194323 2 63053 0 6081 0 0 2097152 0 0
SEP
MEM comp06 1608323302 2020/12/18 15:28:22 1 4096 65614610 63713050 756090 27 194321 2 63053 0 6081 0 0 2097152 0 0
SEP
MEM comp06 1608323303 2020/12/18 15:28:23 1 4096 65614610 63713087 756090 27 194315 2 63053 0 6081 0 0 2097152 0 0
SEP
MEM comp06 1608323304 2020/12/18 15:28:24 1 4096 65614610 63713083 756090 27 194319 2 63053 0 6081 0 0 2097152 0 0
SEP
MEM comp06 1608323305 2020/12/18 15:28:25 1 4096 65614610 63427383 1041098 27 194953 285014 63693 0 6081 0 0 2097152 0 0
SEP
MEM comp06 1608323306 2020/12/18 15:28:26 1 4096 65614610 63454688 1488512 27 195989 732423 64717 0 6081 0 0 2097152 0 0
SEP
MEM comp06 1608323307 2020/12/18 15:28:27 1 4096 65614610 62979082 1488512 27 195999 732423 64717 0 6081 0 0 2097152 0 0
SEP
MEM comp06 1608323308 2020/12/18 15:28:28 1 4096 65614610 62979007 1488512 27 195999 732423 64717 0 6081 0 0 2097152 0 0
SEP
MEM comp06 1608323309 2020/12/18 15:28:29 1 4096 65614610 62979046 1488512 27 195971 732423 64717 0 6081 0 0 2097152 0 0
SEP
MEM comp06 1608323310 2020/12/18 15:28:30 1 4096 65614610 62979016 1488512 27 196001 732423 64717 0 6081 0 0 2097152 0 0
SEP
MEM comp06 1608323311 2020/12/18 15:28:31 1 4096 65614610 62979040 1488512 27 195977 732423 64717 0 6081 0 0 2097152 0 0
SEP
MEM comp06 1608323312 2020/12/18 15:28:32 1 4096 65614610 62269836 2196062 27 197529 1439995 66253 0 6081 0 0 2097152 0 0
SEP
MEM comp06 1608323313 2020/12/18 15:28:33 1 4096 65614610 62245034 2220934 27 197659 1464845 66373 0 6081 0 0 2097152 0 0
SEP
MEM comp06 1608323314 2020/12/18 15:28:34 1 4096 65614610 62244945 2220934 27 197651 1464845 66373 0 6081 0 0 2097152 0 0
SEP
MEM comp06 1608323315 2020/12/18 15:28:35 1 4096 65614610 62244959 2220934 27 197637 1464845 66373 0 6081 0 0 2097152 0 0
SEP
MEM comp06 1608323316 2020/12/18 15:28:36 1 4096 65614610 62244949 2220934 27 197647 1464845 66373 0 6081 0 0 2097152 0 0
SEP
MEM comp06 1608323317 2020/12/18 15:28:37 1 4096 65614610 62244954 2220934 27 197635 1464845 66373 0 6081 0 0 2097152 0 0
SEP
MEM comp06 1608323318 2020/12/18 15:28:38 1 4096 65614610 61728700 2736062 27 198799 1979989 67525 0 6081 0 0 2097152 0 0
SEP
