RESET
MEM comp06 1608314489 2020/12/18 13:01:29 1480125 4096 65614610 65180851 24900 27 193227 5 63737 0 6046 0 0 2097152 0 0
SEP
MEM comp06 1608314490 2020/12/18 13:01:30 1 4096 65614610 64894952 169781 27 194460 7 64881 0 6046 0 0 2097152 0 0
SEP
MEM comp06 1608314491 2020/12/18 13:01:31 1 4096 65614610 64619130 307833 27 194766 7 65169 0 6046 0 0 2097152 0 0
SEP
MEM comp06 1608314492 2020/12/18 13:01:32 1 4096 65614610 64342660 445989 27 195020 6 65425 0 6046 0 0 2097152 0 0
SEP
MEM comp06 1608314493 2020/12/18 13:01:33 1 4096 65614610 64067116 583289 27 195328 6 65745 0 6046 0 0 2097152 0 0
SEP
MEM comp06 1608314494 2020/12/18 13:01:34 1 4096 65614610 63790552 721529 27 195652 6 66057 0 6046 0 0 2097152 0 0
SEP
MEM comp06 1608314495 2020/12/18 13:01:35 1 4096 65614610 63514547 858745 27 195944 6 66369 0 6046 0 0 2097152 0 0
SEP
MEM comp06 1608314496 2020/12/18 13:01:36 1 4096 65614610 63238151 996985 27 196168 6 66569 0 6046 0 0 2097152 0 0
SEP
MEM comp06 1608314497 2020/12/18 13:01:37 1 4096 65614610 62961609 1135225 27 196480 6 66889 0 6046 0 0 2097152 0 0
SEP
MEM comp06 1608314498 2020/12/18 13:01:38 1 4096 65614610 62686083 1272441 27 196784 6 67201 0 6046 0 0 2097152 0 0
SEP
MEM comp06 1608314499 2020/12/18 13:01:39 1 4096 65614610 62409021 1410681 27 197090 6 67505 0 6046 0 0 2097152 0 0
SEP
MEM comp06 1608314500 2020/12/18 13:01:40 1 4096 65614610 62132515 1548085 27 197406 6 67825 0 6046 0 0 2097152 0 0
SEP
MEM comp06 1608314501 2020/12/18 13:01:41 1 4096 65614610 61856980 1686137 27 197712 6 68129 0 6046 0 0 2097152 0 0
SEP
MEM comp06 1608314502 2020/12/18 13:01:42 1 4096 65614610 61580415 1824377 27 198042 6 68441 0 6046 0 0 2097152 0 0
SEP
MEM comp06 1608314503 2020/12/18 13:01:43 1 4096 65614610 61304928 1961505 27 198326 6 68737 0 6046 0 0 2097152 0 0
SEP
MEM comp06 1608314504 2020/12/18 13:01:44 1 4096 65614610 61029392 2098809 27 198646 6 69065 0 6046 0 0 2097152 0 0
SEP
MEM comp06 1608314505 2020/12/18 13:01:45 1 4096 65614610 60752873 2237049 27 198928 6 69337 0 6046 0 0 2097152 0 0
SEP
MEM comp06 1608314506 2020/12/18 13:01:46 1 4096 65614610 60477329 2374265 27 199252 6 69657 0 6046 0 0 2097152 0 0
SEP
MEM comp06 1608314507 2020/12/18 13:01:47 1 4096 65614610 60200800 2512505 27 199546 6 69961 0 6046 0 0 2097152 0 0
SEP
MEM comp06 1608314508 2020/12/18 13:01:48 1 4096 65614610 59924242 2650745 27 199874 6 70281 0 6046 0 0 2097152 0 0
SEP
MEM comp06 1608314509 2020/12/18 13:01:49 1 4096 65614610 59648212 2787961 27 200184 6 70585 0 6046 0 0 2097152 0 0
SEP
MEM comp06 1608314510 2020/12/18 13:01:50 1 4096 65614610 59371647 2926201 27 200528 6 70897 0 6046 0 0 2097152 0 0
SEP
MEM comp06 1608314511 2020/12/18 13:01:51 1 4096 65614610 59095121 3064397 27 200847 6 71201 0 6046 0 0 2097152 0 0
SEP
MEM comp06 1608314512 2020/12/18 13:01:52 1 4096 65614610 58817443 3202681 27 201242 6 71555 0 6046 0 0 2097152 0 0
SEP
MEM comp06 1608314513 2020/12/18 13:01:53 1 4096 65614610 58541685 3339897 27 201558 6 71859 0 6046 0 0 2097152 0 0
SEP
MEM comp06 1608314514 2020/12/18 13:01:54 1 4096 65614610 58265384 3478137 27 201874 6 72171 0 6046 0 0 2097152 0 0
SEP
MEM comp06 1608314515 2020/12/18 13:01:55 1 4096 65614610 57988348 3616293 27 202168 6 72475 0 6046 0 0 2097152 0 0
SEP
MEM comp06 1608314516 2020/12/18 13:01:56 1 4096 65614610 57841462 3685266 27 202332 6 72643 0 6046 0 0 2097152 0 0
SEP
MEM comp06 1608314517 2020/12/18 13:01:57 1 4096 65614610 57841358 3685266 27 202324 6 72643 0 6046 0 0 2097152 0 0
SEP
MEM comp06 1608314518 2020/12/18 13:01:58 1 4096 65614610 57841350 3685266 27 202346 3 72643 0 6046 0 0 2097152 0 0
SEP
MEM comp06 1608314519 2020/12/18 13:01:59 1 4096 65614610 57841354 3685266 27 202342 3 72643 0 6046 0 0 2097152 0 0
SEP
MEM comp06 1608314520 2020/12/18 13:02:00 1 4096 65614610 57827384 3699178 27 202322 13863 72643 0 6046 0 0 2097152 0 0
SEP
MEM comp06 1608314521 2020/12/18 13:02:01 1 4096 65614610 54948358 6571954 27 208360 2886566 78659 0 6046 0 0 2097152 0 0
SEP
MEM comp06 1608314522 2020/12/18 13:02:02 1 4096 65614610 55091797 7347376 27 210642 3662112 80931 0 6046 0 0 2097152 0 0
SEP
MEM comp06 1608314523 2020/12/18 13:02:03 1 4096 65614610 54170960 7347377 27 210642 3662112 80931 0 6046 0 0 2097152 0 0
SEP
MEM comp06 1608314524 2020/12/18 13:02:04 1 4096 65614610 54171005 7347377 27 210626 3662112 80931 0 6046 0 0 2097152 0 0
SEP
MEM comp06 1608314525 2020/12/18 13:02:05 1 4096 65614610 54171017 7347377 27 210614 3662113 80931 0 6046 0 0 2097152 0 0
SEP
MEM comp06 1608314526 2020/12/18 13:02:06 1 4096 65614610 54170874 7347377 27 210750 3556134 80931 0 6046 0 0 2097152 0 0
SEP
MEM comp06 1608314527 2020/12/18 13:02:07 1 4096 65614610 53637727 7879755 27 211514 4077419 81843 0 6046 0 0 2097152 0 0
SEP
MEM comp06 1608314528 2020/12/18 13:02:08 1 4096 65614610 51295612 10783296 27 218052 6938828 88355 0 6046 0 0 2097152 0 0
SEP
MEM comp06 1608314529 2020/12/18 13:02:09 1 4096 65614610 50660921 11009487 27 218852 7042717 89141 0 6046 0 0 2097152 0 0
SEP
MEM comp06 1608314530 2020/12/18 13:02:10 1 4096 65614610 50500340 11009487 27 218948 6920788 89141 0 6046 0 0 2097152 0 0
SEP
MEM comp06 1608314531 2020/12/18 13:02:11 1 4096 65614610 50500298 11009487 27 219004 6800552 89141 0 6046 0 0 2097152 0 0
SEP
MEM comp06 1608314532 2020/12/18 13:02:12 1 4096 65614610 50500328 11009487 27 219002 6678146 89141 0 6046 0 0 2097152 0 0
SEP
MEM comp06 1608314533 2020/12/18 13:02:13 1 4096 65614610 50500422 11009487 27 218908 6557356 89141 0 6046 0 0 2097152 0 0
SEP
MEM comp06 1608314534 2020/12/18 13:02:14 1 4096 65614610 49462591 12045519 27 220554 7471799 90805 0 6046 0 0 2097152 0 0
SEP
