RESET
MEM comp06 1608314011 2020/12/18 12:53:31 1479647 4096 65614610 65181991 24467 27 192485 4 62968 0 6023 0 0 2097152 0 0
SEP
MEM comp06 1608314012 2020/12/18 12:53:32 1 4096 65614610 64910913 160319 27 193765 6 64186 0 6023 0 0 2097152 0 0
SEP
MEM comp06 1608314013 2020/12/18 12:53:33 1 4096 65614610 64642797 293439 27 193982 6 64460 0 6023 0 0 2097152 0 0
SEP
MEM comp06 1608314014 2020/12/18 12:53:34 1 4096 65614610 64376998 426559 27 194280 6 64764 0 6023 0 0 2097152 0 0
SEP
MEM comp06 1608314015 2020/12/18 12:53:35 1 4096 65614610 64107114 560703 27 194596 6 65068 0 6023 0 0 2097152 0 0
SEP
MEM comp06 1608314016 2020/12/18 12:53:36 1 4096 65614610 63839303 694847 27 194880 6 65364 0 6023 0 0 2097152 0 0
SEP
MEM comp06 1608314017 2020/12/18 12:53:37 1 4096 65614610 63572487 827967 27 195198 6 65676 0 6023 0 0 2097152 0 0
SEP
MEM comp06 1608314018 2020/12/18 12:53:38 1 4096 65614610 63302600 962111 27 195510 6 65980 0 6023 0 0 2097152 0 0
SEP
MEM comp06 1608314019 2020/12/18 12:53:39 1 4096 65614610 63034760 1096255 27 195790 6 66276 0 6023 0 0 2097152 0 0
SEP
MEM comp06 1608314020 2020/12/18 12:53:40 1 4096 65614610 62767936 1229375 27 196116 6 66588 0 6023 0 0 2097152 0 0
SEP
MEM comp06 1608314021 2020/12/18 12:53:41 1 4096 65614610 62499123 1363435 27 196406 6 66884 0 6023 0 0 2097152 0 0
SEP
MEM comp06 1608314022 2020/12/18 12:53:42 1 4096 65614610 62246262 1487945 27 196676 6 67164 0 6023 0 0 2097152 0 0
SEP
MEM comp06 1608314023 2020/12/18 12:53:43 1 4096 65614610 62246255 1487945 27 196676 6 67164 0 6023 0 0 2097152 0 0
SEP
MEM comp06 1608314024 2020/12/18 12:53:44 1 4096 65614610 62246261 1487945 27 196670 6 67164 0 6023 0 0 2097152 0 0
SEP
MEM comp06 1608314025 2020/12/18 12:53:45 1 4096 65614610 62246251 1487945 27 196680 6 67164 0 6023 0 0 2097152 0 0
SEP
MEM comp06 1608314026 2020/12/18 12:53:46 1 4096 65614610 62246265 1487945 27 196666 6 67164 0 6023 0 0 2097152 0 0
SEP
MEM comp06 1608314027 2020/12/18 12:53:47 1 4096 65614610 61758817 1974516 27 197668 486431 68156 0 6023 0 0 2097152 0 0
SEP
MEM comp06 1608314028 2020/12/18 12:53:48 1 4096 65614610 61086717 2914075 27 199760 1426083 70236 0 6023 0 0 2097152 0 0
SEP
MEM comp06 1608314029 2020/12/18 12:53:49 1 4096 65614610 60863635 2952789 27 199970 1464849 70444 0 6023 0 0 2097152 0 0
SEP
MEM comp06 1608314030 2020/12/18 12:53:50 1 4096 65614610 60778139 2952789 27 199970 1464849 70444 0 6023 0 0 2097152 0 0
SEP
MEM comp06 1608314031 2020/12/18 12:53:51 1 4096 65614610 60778156 2952789 27 199960 1464849 70444 0 6023 0 0 2097152 0 0
SEP
MEM comp06 1608314032 2020/12/18 12:53:52 1 4096 65614610 60778128 2952789 27 199988 1432112 70444 0 6023 0 0 2097152 0 0
SEP
MEM comp06 1608314033 2020/12/18 12:53:53 1 4096 65614610 60778181 2952789 27 199944 1346065 70444 0 6023 0 0 2097152 0 0
SEP
MEM comp06 1608314034 2020/12/18 12:53:54 1 4096 65614610 59983439 3745889 27 201564 2139129 72068 0 6023 0 0 2097152 0 0
SEP
MEM comp06 1608314035 2020/12/18 12:53:55 1 4096 65614610 60082282 4417633 27 203272 2810909 73764 0 6023 0 0 2097152 0 0
SEP
MEM comp06 1608314036 2020/12/18 12:53:56 1 4096 65614610 59310063 4417633 27 203280 2810909 73764 0 6023 0 0 2097152 0 0
SEP
MEM comp06 1608314037 2020/12/18 12:53:57 1 4096 65614610 59310067 4417633 27 203276 2810909 73764 0 6023 0 0 2097152 0 0
SEP
MEM comp06 1608314038 2020/12/18 12:53:58 1 4096 65614610 59310072 4417633 27 203278 2794630 73764 0 6023 0 0 2097152 0 0
SEP
MEM comp06 1608314039 2020/12/18 12:53:59 1 4096 65614610 59310052 4417633 27 203298 2686028 73764 0 6023 0 0 2097152 0 0
SEP
MEM comp06 1608314040 2020/12/18 12:54:00 1 4096 65614610 59200864 4526673 27 203496 2693980 73892 0 6023 0 0 2097152 0 0
SEP
MEM comp06 1608314041 2020/12/18 12:54:01 1 4096 65614610 58746498 5712208 27 206160 3780275 76628 0 6023 0 0 2097152 0 0
SEP
