RESET
MEM comp06 1608313865 2020/12/18 12:51:05 1479501 4096 65614610 65183432 23920 27 192039 4 62439 0 6012 0 0 2097152 0 0
SEP
MEM comp06 1608313866 2020/12/18 12:51:06 1 4096 65614610 64931893 149064 27 193278 6 63625 0 6012 0 0 2097152 0 0
SEP
MEM comp06 1608313867 2020/12/18 12:51:07 1 4096 65614610 64681127 273992 27 193578 6 63913 0 6012 0 0 2097152 0 0
SEP
MEM comp06 1608313868 2020/12/18 12:51:08 1 4096 65614610 64431233 398920 27 193868 6 64193 0 6012 0 0 2097152 0 0
SEP
MEM comp06 1608313869 2020/12/18 12:51:09 1 4096 65614610 64181879 522824 27 194142 6 64473 0 6012 0 0 2097152 0 0
SEP
MEM comp06 1608313870 2020/12/18 12:51:10 1 4096 65614610 63931487 647752 27 194436 6 64761 0 6012 0 0 2097152 0 0
SEP
MEM comp06 1608313871 2020/12/18 12:51:11 1 4096 65614610 63714739 755533 27 194660 6 65001 0 6012 0 0 2097152 0 0
SEP
MEM comp06 1608313872 2020/12/18 12:51:12 1 4096 65614610 63714626 755533 27 194668 6 65001 0 6012 0 0 2097152 0 0
SEP
MEM comp06 1608313873 2020/12/18 12:51:13 1 4096 65614610 63714637 755533 27 194664 6 65001 0 6012 0 0 2097152 0 0
SEP
MEM comp06 1608313874 2020/12/18 12:51:14 1 4096 65614610 63714646 755533 27 194662 6 65001 0 6012 0 0 2097152 0 0
SEP
MEM comp06 1608313875 2020/12/18 12:51:15 1 4096 65614610 63714661 755533 27 194654 6 65001 0 6012 0 0 2097152 0 0
SEP
MEM comp06 1608313876 2020/12/18 12:51:16 1 4096 65614610 63132450 1336443 27 195972 580866 66321 0 6012 0 0 2097152 0 0
SEP
MEM comp06 1608313877 2020/12/18 12:51:17 1 4096 65614610 63089350 1487955 27 196332 732427 66665 0 6012 0 0 2097152 0 0
SEP
MEM comp06 1608313878 2020/12/18 12:51:18 1 4096 65614610 62980578 1487955 27 196336 732427 66665 0 6012 0 0 2097152 0 0
SEP
MEM comp06 1608313879 2020/12/18 12:51:19 1 4096 65614610 62980601 1487955 27 196320 732427 66665 0 6012 0 0 2097152 0 0
SEP
MEM comp06 1608313880 2020/12/18 12:51:20 1 4096 65614610 62980599 1487955 27 196322 732427 66665 0 6012 0 0 2097152 0 0
SEP
MEM comp06 1608313881 2020/12/18 12:51:21 1 4096 65614610 62980550 1487955 27 196364 697098 66665 0 6012 0 0 2097152 0 0
SEP
MEM comp06 1608313882 2020/12/18 12:51:22 1 4096 65614610 62592281 1875434 27 197108 997038 67441 0 6012 0 0 2097152 0 0
SEP
MEM comp06 1608313883 2020/12/18 12:51:23 1 4096 65614610 62554494 2220377 27 197984 1341969 68321 0 6012 0 0 2097152 0 0
SEP
MEM comp06 1608313884 2020/12/18 12:51:24 1 4096 65614610 62246531 2220377 27 197984 1341969 68321 0 6012 0 0 2097152 0 0
SEP
MEM comp06 1608313885 2020/12/18 12:51:25 1 4096 65614610 62246540 2220377 27 197982 1341969 68321 0 6012 0 0 2097152 0 0
SEP
MEM comp06 1608313886 2020/12/18 12:51:26 1 4096 65614610 62246546 2220377 27 197976 1341969 68321 0 6012 0 0 2097152 0 0
SEP
MEM comp06 1608313887 2020/12/18 12:51:27 1 4096 65614610 62246559 2220377 27 197970 1323044 68321 0 6012 0 0 2097152 0 0
SEP
MEM comp06 1608313888 2020/12/18 12:51:28 1 4096 65614610 62041840 2424606 27 198540 1421687 68737 0 6012 0 0 2097152 0 0
SEP
