RESET
MEM comp06 1608314164 2020/12/18 12:56:04 1479800 4096 65614610 65180537 25816 27 192995 3 63351 0 6029 0 0 2097152 0 0
SEP
MEM comp06 1608314165 2020/12/18 12:56:05 1 4096 65614610 64903322 164450 27 194160 6 64505 0 6029 0 0 2097152 0 0
SEP
MEM comp06 1608314166 2020/12/18 12:56:06 1 4096 65614610 64630544 300642 27 194455 6 64801 0 6029 0 0 2097152 0 0
SEP
MEM comp06 1608314167 2020/12/18 12:56:07 1 4096 65614610 64362699 433762 27 194761 6 65105 0 6029 0 0 2097152 0 0
SEP
MEM comp06 1608314168 2020/12/18 12:56:08 1 4096 65614610 64086751 572002 27 195035 6 65385 0 6029 0 0 2097152 0 0
SEP
MEM comp06 1608314169 2020/12/18 12:56:09 1 4096 65614610 63815934 706522 27 195198 6 65628 0 6029 0 0 2097152 0 0
SEP
MEM comp06 1608314170 2020/12/18 12:56:10 1 4096 65614610 63542931 843362 27 195530 6 65948 0 6029 0 0 2097152 0 0
SEP
MEM comp06 1608314171 2020/12/18 12:56:11 1 4096 65614610 63271560 978530 27 195806 6 66252 0 6029 0 0 2097152 0 0
SEP
MEM comp06 1608314172 2020/12/18 12:56:12 1 4096 65614610 62999066 1114722 27 196148 6 66564 0 6029 0 0 2097152 0 0
SEP
MEM comp06 1608314173 2020/12/18 12:56:13 1 4096 65614610 62725607 1250914 27 196440 6 66868 0 6029 0 0 2097152 0 0
SEP
MEM comp06 1608314174 2020/12/18 12:56:14 1 4096 65614610 62452671 1387106 27 196740 6 67172 0 6029 0 0 2097152 0 0
SEP
MEM comp06 1608314175 2020/12/18 12:56:15 1 4096 65614610 62178177 1524322 27 197064 6 67492 0 6029 0 0 2097152 0 0
SEP
MEM comp06 1608314176 2020/12/18 12:56:16 1 4096 65614610 61905241 1660242 27 197364 6 67788 0 6029 0 0 2097152 0 0
SEP
MEM comp06 1608314177 2020/12/18 12:56:17 1 4096 65614610 61632260 1796706 27 197674 6 68108 0 6029 0 0 2097152 0 0
SEP
MEM comp06 1608314178 2020/12/18 12:56:18 1 4096 65614610 61358817 1932898 27 197962 6 68412 0 6029 0 0 2097152 0 0
SEP
MEM comp06 1608314179 2020/12/18 12:56:19 1 4096 65614610 61085841 2069090 27 198284 6 68716 0 6029 0 0 2097152 0 0
SEP
MEM comp06 1608314180 2020/12/18 12:56:20 1 4096 65614610 60812370 2205282 27 198588 6 69028 0 6029 0 0 2097152 0 0
SEP
MEM comp06 1608314181 2020/12/18 12:56:21 1 4096 65614610 60777947 2220401 27 198626 6 69060 0 6029 0 0 2097152 0 0
SEP
MEM comp06 1608314182 2020/12/18 12:56:22 1 4096 65614610 60777955 2220401 27 198618 6 69060 0 6029 0 0 2097152 0 0
SEP
MEM comp06 1608314183 2020/12/18 12:56:23 1 4096 65614610 60777933 2220401 27 198628 6 69060 0 6029 0 0 2097152 0 0
SEP
MEM comp06 1608314184 2020/12/18 12:56:24 1 4096 65614610 60777957 2220401 27 198620 6 69060 0 6029 0 0 2097152 0 0
SEP
MEM comp06 1608314185 2020/12/18 12:56:25 1 4096 65614610 59808589 3187639 27 200628 967286 71068 0 6029 0 0 2097152 0 0
SEP
MEM comp06 1608314186 2020/12/18 12:56:26 1 4096 65614610 59924893 4417667 27 203606 2197271 74036 0 6029 0 0 2097152 0 0
SEP
MEM comp06 1608314187 2020/12/18 12:56:27 1 4096 65614610 58575681 4417667 27 203606 2197271 74036 0 6029 0 0 2097152 0 0
SEP
MEM comp06 1608314188 2020/12/18 12:56:28 1 4096 65614610 58575194 4417667 27 203588 2197271 74036 0 6029 0 0 2097152 0 0
SEP
MEM comp06 1608314189 2020/12/18 12:56:29 1 4096 65614610 58575703 4417667 27 203598 2197271 74036 0 6029 0 0 2097152 0 0
SEP
MEM comp06 1608314190 2020/12/18 12:56:30 1 4096 65614610 58575695 4417667 27 203606 2131838 74036 0 6029 0 0 2097152 0 0
SEP
MEM comp06 1608314191 2020/12/18 12:56:31 1 4096 65614610 58562594 4430075 27 203626 2096081 74036 0 6029 0 0 2097152 0 0
SEP
MEM comp06 1608314192 2020/12/18 12:56:32 1 4096 65614610 56837151 6152433 27 207238 3818281 77636 0 6029 0 0 2097152 0 0
SEP
MEM comp06 1608314193 2020/12/18 12:56:33 1 4096 65614610 56742834 6614933 27 208534 4280873 78932 0 6029 0 0 2097152 0 0
SEP
MEM comp06 1608314194 2020/12/18 12:56:34 1 4096 65614610 56373518 6614933 27 208534 4280869 78932 0 6029 0 0 2097152 0 0
SEP
MEM comp06 1608314195 2020/12/18 12:56:35 1 4096 65614610 56373431 6614933 27 208516 4280869 78932 0 6029 0 0 2097152 0 0
SEP
MEM comp06 1608314196 2020/12/18 12:56:36 1 4096 65614610 56373340 6614933 27 208602 4233788 78932 0 6029 0 0 2097152 0 0
SEP
MEM comp06 1608314197 2020/12/18 12:56:37 1 4096 65614610 56373321 6614933 27 208628 4110372 78932 0 6029 0 0 2097152 0 0
SEP
MEM comp06 1608314198 2020/12/18 12:56:38 1 4096 65614610 55608716 7377990 27 209924 4747763 80332 0 6029 0 0 2097152 0 0
SEP
