RESET
MEM comp06 1608314323 2020/12/18 12:58:43 1479959 4096 65614610 65179847 23980 27 193571 5 63760 0 6038 0 0 2097152 0 0
SEP
MEM comp06 1608314324 2020/12/18 12:58:44 1 4096 65614610 64897672 167524 27 194771 6 65062 0 6038 0 0 2097152 0 0
SEP
MEM comp06 1608314325 2020/12/18 12:58:45 1 4096 65614610 64623018 304740 27 194882 6 65327 0 6038 0 0 2097152 0 0
SEP
MEM comp06 1608314326 2020/12/18 12:58:46 1 4096 65614610 64347951 441956 27 195196 6 65631 0 6038 0 0 2097152 0 0
SEP
MEM comp06 1608314327 2020/12/18 12:58:47 1 4096 65614610 64072959 579172 27 195504 6 65943 0 6038 0 0 2097152 0 0
SEP
MEM comp06 1608314328 2020/12/18 12:58:48 1 4096 65614610 63797912 716388 27 195852 6 66263 0 6038 0 0 2097152 0 0
SEP
MEM comp06 1608314329 2020/12/18 12:58:49 1 4096 65614610 63522909 853604 27 196152 6 66575 0 6038 0 0 2097152 0 0
SEP
MEM comp06 1608314330 2020/12/18 12:58:50 1 4096 65614610 63247429 990820 27 196438 6 66871 0 6038 0 0 2097152 0 0
SEP
MEM comp06 1608314331 2020/12/18 12:58:51 1 4096 65614610 62971355 1129060 27 196780 6 67191 0 6038 0 0 2097152 0 0
SEP
MEM comp06 1608314332 2020/12/18 12:58:52 1 4096 65614610 62695817 1266276 27 197096 6 67511 0 6038 0 0 2097152 0 0
SEP
MEM comp06 1608314333 2020/12/18 12:58:53 1 4096 65614610 62420838 1403492 27 197390 6 67815 0 6038 0 0 2097152 0 0
SEP
MEM comp06 1608314334 2020/12/18 12:58:54 1 4096 65614610 62145810 1540708 27 197722 6 68127 0 6038 0 0 2097152 0 0
SEP
MEM comp06 1608314335 2020/12/18 12:58:55 1 4096 65614610 61870810 1677924 27 198026 6 68439 0 6038 0 0 2097152 0 0
SEP
MEM comp06 1608314336 2020/12/18 12:58:56 1 4096 65614610 61595293 1815140 27 198330 6 68751 0 6038 0 0 2097152 0 0
SEP
MEM comp06 1608314337 2020/12/18 12:58:57 1 4096 65614610 61319269 1953296 27 198636 6 69063 0 6038 0 0 2097152 0 0
SEP
MEM comp06 1608314338 2020/12/18 12:58:58 1 4096 65614610 61044248 2090596 27 198954 6 69375 0 6038 0 0 2097152 0 0
SEP
MEM comp06 1608314339 2020/12/18 12:58:59 1 4096 65614610 60769256 2227812 27 199264 6 69687 0 6038 0 0 2097152 0 0
SEP
MEM comp06 1608314340 2020/12/18 12:59:00 1 4096 65614610 60493796 2365028 27 199516 6 69935 0 6038 0 0 2097152 0 0
SEP
MEM comp06 1608314341 2020/12/18 12:59:01 1 4096 65614610 60218826 2502244 27 199808 6 70239 0 6038 0 0 2097152 0 0
SEP
MEM comp06 1608314342 2020/12/18 12:59:02 1 4096 65614610 59943307 2639460 27 200112 6 70543 0 6038 0 0 2097152 0 0
SEP
MEM comp06 1608314343 2020/12/18 12:59:03 1 4096 65614610 59668302 2776676 27 200428 6 70847 0 6038 0 0 2097152 0 0
SEP
MEM comp06 1608314344 2020/12/18 12:59:04 1 4096 65614610 59392301 2914916 27 200718 6 71143 0 6038 0 0 2097152 0 0
SEP
MEM comp06 1608314345 2020/12/18 12:59:05 1 4096 65614610 59309174 2952824 27 200794 6 71215 0 6038 0 0 2097152 0 0
SEP
MEM comp06 1608314346 2020/12/18 12:59:06 1 4096 65614610 59308670 2952824 27 200800 6 71215 0 6038 0 0 2097152 0 0
SEP
MEM comp06 1608314347 2020/12/18 12:59:07 1 4096 65614610 59309205 2952824 27 200784 6 71215 0 6038 0 0 2097152 0 0
SEP
MEM comp06 1608314348 2020/12/18 12:59:08 1 4096 65614610 59309195 2952824 27 200798 6 71215 0 6038 0 0 2097152 0 0
SEP
MEM comp06 1608314349 2020/12/18 12:59:09 1 4096 65614610 59185864 3075468 27 200844 122622 71271 0 6038 0 0 2097152 0 0
SEP
MEM comp06 1608314350 2020/12/18 12:59:10 1 4096 65614610 57136873 5120121 27 205262 2167351 75679 0 6038 0 0 2097152 0 0
SEP
MEM comp06 1608314351 2020/12/18 12:59:11 1 4096 65614610 57227144 5882512 27 207346 2929693 77751 0 6038 0 0 2097152 0 0
SEP
MEM comp06 1608314352 2020/12/18 12:59:12 1 4096 65614610 56372940 5882512 27 207346 2929693 77751 0 6038 0 0 2097152 0 0
SEP
MEM comp06 1608314353 2020/12/18 12:59:13 1 4096 65614610 56372971 5882512 27 207340 2929689 77751 0 6038 0 0 2097152 0 0
SEP
MEM comp06 1608314354 2020/12/18 12:59:14 1 4096 65614610 56372954 5882512 27 207367 2917946 77759 0 6038 0 0 2097152 0 0
SEP
MEM comp06 1608314355 2020/12/18 12:59:15 1 4096 65614610 56372936 5882512 27 207391 2817049 77759 0 6038 0 0 2097152 0 0
SEP
MEM comp06 1608314356 2020/12/18 12:59:16 1 4096 65614610 56086945 6167757 27 207891 3102520 78271 0 6038 0 0 2097152 0 0
SEP
MEM comp06 1608314357 2020/12/18 12:59:17 1 4096 65614610 54518151 8311602 27 212661 5245877 83023 0 6038 0 0 2097152 0 0
SEP
MEM comp06 1608314358 2020/12/18 12:59:18 1 4096 65614610 54022341 8812201 27 214041 5746736 84399 0 6038 0 0 2097152 0 0
SEP
MEM comp06 1608314359 2020/12/18 12:59:19 1 4096 65614610 53436619 8812201 27 214039 5746737 84399 0 6038 0 0 2097152 0 0
SEP
MEM comp06 1608314360 2020/12/18 12:59:20 1 4096 65614610 53436647 8812201 27 214025 5746737 84399 0 6038 0 0 2097152 0 0
SEP
MEM comp06 1608314361 2020/12/18 12:59:21 1 4096 65614610 53436521 8812201 27 214161 5632560 84399 0 6038 0 0 2097152 0 0
SEP
MEM comp06 1608314362 2020/12/18 12:59:22 1 4096 65614610 53436681 8812201 27 214001 5507220 84399 0 6038 0 0 2097152 0 0
SEP
MEM comp06 1608314363 2020/12/18 12:59:23 1 4096 65614610 52742907 9504531 27 215281 6074490 85703 0 6038 0 0 2097152 0 0
SEP
MEM comp06 1608314364 2020/12/18 12:59:24 1 4096 65614610 52219522 11491027 27 219983 7934912 90319 0 6038 0 0 2097152 0 0
SEP
