RESET
MEM comp06 1608313370 2020/12/18 12:42:50 1479006 4096 65614610 65181731 25777 27 191486 4 62063 0 5995 0 0 2097152 0 0
SEP
MEM comp06 1608313371 2020/12/18 12:42:51 1 4096 65614610 64905617 164412 27 192715 6 63271 0 5995 0 0 2097152 0 0
SEP
MEM comp06 1608313372 2020/12/18 12:42:52 1 4096 65614610 64635351 298472 27 193023 6 63575 0 5995 0 0 2097152 0 0
SEP
MEM comp06 1608313373 2020/12/18 12:42:53 1 4096 65614610 64363402 434748 27 193311 6 63877 0 5995 0 0 2097152 0 0
SEP
MEM comp06 1608313374 2020/12/18 12:42:54 1 4096 65614610 64092531 569640 27 193601 6 64157 0 5995 0 0 2097152 0 0
SEP
MEM comp06 1608313375 2020/12/18 12:42:55 1 4096 65614610 63817017 707128 27 193893 6 64453 0 5995 0 0 2097152 0 0
SEP
MEM comp06 1608313376 2020/12/18 12:42:56 1 4096 65614610 63544606 843320 27 194189 6 64757 0 5995 0 0 2097152 0 0
SEP
MEM comp06 1608313377 2020/12/18 12:42:57 1 4096 65614610 63277285 976440 27 194493 6 65069 0 5995 0 0 2097152 0 0
SEP
MEM comp06 1608313378 2020/12/18 12:42:58 1 4096 65614610 63001767 1113657 27 194803 6 65381 0 5995 0 0 2097152 0 0
SEP
MEM comp06 1608313379 2020/12/18 12:42:59 1 4096 65614610 62733762 1247801 27 195105 6 65677 0 5995 0 0 2097152 0 0
SEP
MEM comp06 1608313380 2020/12/18 12:43:00 1 4096 65614610 62458970 1385017 27 195419 6 65989 0 5995 0 0 2097152 0 0
SEP
MEM comp06 1608313381 2020/12/18 12:43:01 1 4096 65614610 62187048 1520137 27 195727 6 66293 0 5995 0 0 2097152 0 0
SEP
MEM comp06 1608313382 2020/12/18 12:43:02 1 4096 65614610 61917222 1655349 27 195997 6 66557 0 5995 0 0 2097152 0 0
SEP
MEM comp06 1608313383 2020/12/18 12:43:03 1 4096 65614610 61642223 1792565 27 196307 6 66869 0 5995 0 0 2097152 0 0
SEP
MEM comp06 1608313384 2020/12/18 12:43:04 1 4096 65614610 61373404 1926709 27 196591 6 67165 0 5995 0 0 2097152 0 0
SEP
MEM comp06 1608313385 2020/12/18 12:43:05 1 4096 65614610 61098370 2063925 27 196929 6 67485 0 5995 0 0 2097152 0 0
SEP
MEM comp06 1608313386 2020/12/18 12:43:06 1 4096 65614610 60826976 2199009 27 197235 6 67789 0 5995 0 0 2097152 0 0
SEP
MEM comp06 1608313387 2020/12/18 12:43:07 1 4096 65614610 60779136 2220356 27 197251 6 67829 0 5995 0 0 2097152 0 0
SEP
MEM comp06 1608313388 2020/12/18 12:43:08 1 4096 65614610 60779143 2220356 27 197237 6 67829 0 5995 0 0 2097152 0 0
SEP
MEM comp06 1608313389 2020/12/18 12:43:09 1 4096 65614610 60779121 2220356 27 197261 6 67829 0 5995 0 0 2097152 0 0
SEP
MEM comp06 1608313390 2020/12/18 12:43:10 1 4096 65614610 60779138 2220356 27 197251 6 67829 0 5995 0 0 2097152 0 0
SEP
MEM comp06 1608313391 2020/12/18 12:43:11 1 4096 65614610 59991378 3006278 27 198821 785994 69405 0 5995 0 0 2097152 0 0
SEP
MEM comp06 1608313392 2020/12/18 12:43:12 1 4096 65614610 60133995 4417505 27 202187 2197250 72757 0 5995 0 0 2097152 0 0
SEP
MEM comp06 1608313393 2020/12/18 12:43:13 1 4096 65614610 58576914 4417622 27 202249 2197271 72821 0 5995 0 0 2097152 0 0
SEP
MEM comp06 1608313394 2020/12/18 12:43:14 1 4096 65614610 58576820 4417622 27 202245 2197271 72821 0 5995 0 0 2097152 0 0
SEP
MEM comp06 1608313395 2020/12/18 12:43:15 1 4096 65614610 58576813 4417622 27 202245 2197271 72821 0 5995 0 0 2097152 0 0
SEP
MEM comp06 1608313396 2020/12/18 12:43:16 1 4096 65614610 58576804 4417622 27 202261 2172197 72821 0 5995 0 0 2097152 0 0
SEP
MEM comp06 1608313397 2020/12/18 12:43:17 1 4096 65614610 58576831 4417622 27 202227 2076439 72821 0 5995 0 0 2097152 0 0
SEP
MEM comp06 1608313398 2020/12/18 12:43:18 1 4096 65614610 57204735 5786576 27 205075 3445547 75653 0 5995 0 0 2097152 0 0
SEP
MEM comp06 1608313399 2020/12/18 12:43:19 1 4096 65614610 57243920 6614888 27 207113 4273705 77685 0 5995 0 0 2097152 0 0
SEP
MEM comp06 1608313400 2020/12/18 12:43:20 1 4096 65614610 56374652 6614888 27 207115 4273705 77685 0 5995 0 0 2097152 0 0
SEP
MEM comp06 1608313401 2020/12/18 12:43:21 1 4096 65614610 56374661 6614888 27 207113 4273701 77685 0 5995 0 0 2097152 0 0
SEP
MEM comp06 1608313402 2020/12/18 12:43:22 1 4096 65614610 56374680 6614888 27 207115 4267149 77685 0 5995 0 0 2097152 0 0
SEP
MEM comp06 1608313403 2020/12/18 12:43:23 1 4096 65614610 56374639 6614888 27 207159 4142154 77685 0 5995 0 0 2097152 0 0
SEP
MEM comp06 1608313404 2020/12/18 12:43:24 1 4096 65614610 56176135 6812477 27 207455 4213681 78069 0 5995 0 0 2097152 0 0
SEP
MEM comp06 1608313405 2020/12/18 12:43:25 1 4096 65614610 55743227 8709295 27 211617 5987545 82213 0 5995 0 0 2097152 0 0
SEP
