RESET
MEM comp06 1608313694 2020/12/18 12:48:14 1479330 4096 65614610 65181394 25709 27 191757 4 62267 0 6004 0 0 2097152 0 0
SEP
MEM comp06 1608313695 2020/12/18 12:48:15 1 4096 65614610 64895560 170579 27 193053 6 63419 0 6004 0 0 2097152 0 0
SEP
MEM comp06 1608313696 2020/12/18 12:48:16 1 4096 65614610 64618315 308819 27 193204 6 63649 0 6004 0 0 2097152 0 0
SEP
MEM comp06 1608313697 2020/12/18 12:48:17 1 4096 65614610 64342277 446035 27 193520 6 63961 0 6004 0 0 2097152 0 0
SEP
MEM comp06 1608313698 2020/12/18 12:48:18 1 4096 65614610 64065716 584275 27 193844 6 64273 0 6004 0 0 2097152 0 0
SEP
MEM comp06 1608313699 2020/12/18 12:48:19 1 4096 65614610 63789177 722515 27 194146 6 64585 0 6004 0 0 2097152 0 0
SEP
MEM comp06 1608313700 2020/12/18 12:48:20 1 4096 65614610 63512141 860671 27 194454 6 64897 0 6004 0 0 2097152 0 0
SEP
MEM comp06 1608313701 2020/12/18 12:48:21 1 4096 65614610 63236595 997971 27 194778 6 65209 0 6004 0 0 2097152 0 0
SEP
MEM comp06 1608313702 2020/12/18 12:48:22 1 4096 65614610 62959501 1136211 27 195086 6 65521 0 6004 0 0 2097152 0 0
SEP
MEM comp06 1608313703 2020/12/18 12:48:23 1 4096 65614610 62682956 1274451 27 195394 6 65833 0 6004 0 0 2097152 0 0
SEP
MEM comp06 1608313704 2020/12/18 12:48:24 1 4096 65614610 62407412 1411667 27 195718 6 66153 0 6004 0 0 2097152 0 0
SEP
MEM comp06 1608313705 2020/12/18 12:48:25 1 4096 65614610 62130538 1549820 27 195998 6 66449 0 6004 0 0 2097152 0 0
SEP
MEM comp06 1608313706 2020/12/18 12:48:26 1 4096 65614610 61853915 1688060 27 196308 6 66753 0 6004 0 0 2097152 0 0
SEP
MEM comp06 1608313707 2020/12/18 12:48:27 1 4096 65614610 61578383 1825360 27 196610 6 67057 0 6004 0 0 2097152 0 0
SEP
MEM comp06 1608313708 2020/12/18 12:48:28 1 4096 65614610 61301816 1963600 27 196940 6 67369 0 6004 0 0 2097152 0 0
SEP
MEM comp06 1608313709 2020/12/18 12:48:29 1 4096 65614610 61025815 2100816 27 197244 6 67689 0 6004 0 0 2097152 0 0
SEP
MEM comp06 1608313710 2020/12/18 12:48:30 1 4096 65614610 60749283 2239056 27 197546 6 67985 0 6004 0 0 2097152 0 0
SEP
MEM comp06 1608313711 2020/12/18 12:48:31 1 4096 65614610 60472745 2376648 27 197854 6 68297 0 6004 0 0 2097152 0 0
SEP
MEM comp06 1608313712 2020/12/18 12:48:32 1 4096 65614610 60197524 2514512 27 198170 6 68617 0 6004 0 0 2097152 0 0
SEP
MEM comp06 1608313713 2020/12/18 12:48:33 1 4096 65614610 59920632 2652752 27 198510 6 68939 0 6004 0 0 2097152 0 0
SEP
MEM comp06 1608313714 2020/12/18 12:48:34 1 4096 65614610 59645154 2789968 27 198794 6 69243 0 6004 0 0 2097152 0 0
SEP
MEM comp06 1608313715 2020/12/18 12:48:35 1 4096 65614610 59368081 2928208 27 199104 6 69555 0 6004 0 0 2097152 0 0
SEP
MEM comp06 1608313716 2020/12/18 12:48:36 1 4096 65614610 59093058 3065424 27 199438 6 69875 0 6004 0 0 2097152 0 0
SEP
MEM comp06 1608313717 2020/12/18 12:48:37 1 4096 65614610 58816511 3203664 27 199748 6 70187 0 6004 0 0 2097152 0 0
SEP
MEM comp06 1608313718 2020/12/18 12:48:38 1 4096 65614610 58540988 3340880 27 200052 6 70499 0 6004 0 0 2097152 0 0
SEP
MEM comp06 1608313719 2020/12/18 12:48:39 1 4096 65614610 58264445 3479120 27 200358 6 70811 0 6004 0 0 2097152 0 0
SEP
MEM comp06 1608313720 2020/12/18 12:48:40 1 4096 65614610 57988923 3616336 27 200672 6 71123 0 6004 0 0 2097152 0 0
SEP
MEM comp06 1608313721 2020/12/18 12:48:41 1 4096 65614610 57843307 3685152 27 200832 6 71275 0 6004 0 0 2097152 0 0
SEP
MEM comp06 1608313722 2020/12/18 12:48:42 1 4096 65614610 57842627 3685225 27 200822 6 71275 0 6004 0 0 2097152 0 0
SEP
MEM comp06 1608313723 2020/12/18 12:48:43 1 4096 65614610 57843132 3685225 27 200836 6 71275 0 6004 0 0 2097152 0 0
SEP
MEM comp06 1608313724 2020/12/18 12:48:44 1 4096 65614610 57842618 3685225 27 200838 6 71275 0 6004 0 0 2097152 0 0
SEP
MEM comp06 1608313725 2020/12/18 12:48:45 1 4096 65614610 57843151 3685225 27 200824 1 71275 0 6004 0 0 2097152 0 0
SEP
MEM comp06 1608313726 2020/12/18 12:48:46 1 4096 65614610 55856742 5667371 27 204920 1982087 75355 0 6004 0 0 2097152 0 0
SEP
MEM comp06 1608313727 2020/12/18 12:48:47 1 4096 65614610 56115979 7347266 27 209027 3661998 79483 0 6004 0 0 2097152 0 0
SEP
MEM comp06 1608313728 2020/12/18 12:48:48 1 4096 65614610 54172793 7347335 27 209061 3662111 79523 0 6004 0 0 2097152 0 0
SEP
MEM comp06 1608313729 2020/12/18 12:48:49 1 4096 65614610 54172105 7347336 27 209091 3662110 79523 0 6004 0 0 2097152 0 0
SEP
MEM comp06 1608313730 2020/12/18 12:48:50 1 4096 65614610 54172655 7347336 27 209067 3662111 79523 0 6004 0 0 2097152 0 0
SEP
MEM comp06 1608313731 2020/12/18 12:48:51 1 4096 65614610 54172656 7347336 27 209073 3662111 79523 0 6004 0 0 2097152 0 0
SEP
MEM comp06 1608313732 2020/12/18 12:48:52 1 4096 65614610 54127477 7391892 27 209067 3706715 79523 0 6004 0 0 2097152 0 0
SEP
MEM comp06 1608313733 2020/12/18 12:48:53 1 4096 65614610 51994626 9520806 27 213533 5835375 83995 0 6004 0 0 2097152 0 0
SEP
MEM comp06 1608313734 2020/12/18 12:48:54 1 4096 65614610 52268378 11009367 27 217325 7207273 87627 0 6004 0 0 2097152 0 0
SEP
MEM comp06 1608313735 2020/12/18 12:48:55 1 4096 65614610 50502338 11009446 27 217507 7082557 87811 0 6004 0 0 2097152 0 0
SEP
MEM comp06 1608313736 2020/12/18 12:48:56 1 4096 65614610 50502214 11009446 27 217379 6956124 87811 0 6004 0 0 2097152 0 0
SEP
MEM comp06 1608313737 2020/12/18 12:48:57 1 4096 65614610 50502219 11009446 27 217381 6830670 87811 0 6004 0 0 2097152 0 0
SEP
MEM comp06 1608313738 2020/12/18 12:48:58 1 4096 65614610 50502261 11009446 27 217342 6704222 87811 0 6004 0 0 2097152 0 0
SEP
MEM comp06 1608313739 2020/12/18 12:48:59 1 4096 65614610 50485513 11026178 27 217399 6594416 87819 0 6004 0 0 2097152 0 0
SEP
MEM comp06 1608313740 2020/12/18 12:49:00 1 4096 65614610 48115212 13391256 27 222575 8836525 92995 0 6004 0 0 2097152 0 0
SEP
