RESET
MEM comp06 1608313071 2020/12/18 12:37:51 1478707 4096 65614610 65184599 23911 27 190597 5 61808 0 5990 0 0 2097152 0 0
SEP
MEM comp06 1608313072 2020/12/18 12:37:52 1 4096 65614610 64933410 149057 27 191842 7 62996 0 5990 0 0 2097152 0 0
SEP
MEM comp06 1608313073 2020/12/18 12:37:53 1 4096 65614610 64682702 273985 27 192063 7 63266 0 5990 0 0 2097152 0 0
SEP
MEM comp06 1608313074 2020/12/18 12:37:54 1 4096 65614610 64432303 398913 27 192357 7 63546 0 5990 0 0 2097152 0 0
SEP
MEM comp06 1608313075 2020/12/18 12:37:55 1 4096 65614610 64183489 522817 27 192625 7 63834 0 5990 0 0 2097152 0 0
SEP
MEM comp06 1608313076 2020/12/18 12:37:56 1 4096 65614610 63933620 647741 27 192897 7 64114 0 5990 0 0 2097152 0 0
SEP
MEM comp06 1608313077 2020/12/18 12:37:57 1 4096 65614610 63715856 755522 27 193137 7 64354 0 5990 0 0 2097152 0 0
SEP
MEM comp06 1608313078 2020/12/18 12:37:58 1 4096 65614610 63715819 755523 27 193168 7 64362 0 5990 0 0 2097152 0 0
SEP
MEM comp06 1608313079 2020/12/18 12:37:59 1 4096 65614610 63715821 755523 27 193166 7 64362 0 5990 0 0 2097152 0 0
SEP
MEM comp06 1608313080 2020/12/18 12:38:00 1 4096 65614610 63715841 755523 27 193148 7 64362 0 5990 0 0 2097152 0 0
SEP
MEM comp06 1608313081 2020/12/18 12:38:01 1 4096 65614610 63715825 755523 27 193164 7 64362 0 5990 0 0 2097152 0 0
SEP
MEM comp06 1608313082 2020/12/18 12:38:02 1 4096 65614610 63136235 1333815 27 194454 578367 65658 0 5990 0 0 2097152 0 0
SEP
MEM comp06 1608313083 2020/12/18 12:38:03 1 4096 65614610 63084760 1487945 27 194822 732428 66018 0 5990 0 0 2097152 0 0
SEP
MEM comp06 1608313084 2020/12/18 12:38:04 1 4096 65614610 62981747 1487945 27 194826 732428 66018 0 5990 0 0 2097152 0 0
SEP
MEM comp06 1608313085 2020/12/18 12:38:05 1 4096 65614610 62981765 1487945 27 194808 732428 66018 0 5990 0 0 2097152 0 0
SEP
MEM comp06 1608313086 2020/12/18 12:38:06 1 4096 65614610 62981770 1487945 27 194804 732428 66018 0 5990 0 0 2097152 0 0
SEP
MEM comp06 1608313087 2020/12/18 12:38:07 1 4096 65614610 62981739 1487945 27 194830 732428 66018 0 5990 0 0 2097152 0 0
SEP
MEM comp06 1608313088 2020/12/18 12:38:08 1 4096 65614610 62587400 1881489 27 195656 1125894 66850 0 5990 0 0 2097152 0 0
SEP
MEM comp06 1608313089 2020/12/18 12:38:09 1 4096 65614610 62549432 2220367 27 196492 1464850 67682 0 5990 0 0 2097152 0 0
SEP
MEM comp06 1608313090 2020/12/18 12:38:10 1 4096 65614610 62247662 2220367 27 196492 1464850 67682 0 5990 0 0 2097152 0 0
SEP
MEM comp06 1608313091 2020/12/18 12:38:11 1 4096 65614610 62247665 2220367 27 196496 1464850 67682 0 5990 0 0 2097152 0 0
SEP
MEM comp06 1608313092 2020/12/18 12:38:12 1 4096 65614610 62247671 2220367 27 196490 1464850 67682 0 5990 0 0 2097152 0 0
SEP
MEM comp06 1608313093 2020/12/18 12:38:13 1 4096 65614610 62247681 2220367 27 196482 1464850 67682 0 5990 0 0 2097152 0 0
SEP
MEM comp06 1608313094 2020/12/18 12:38:14 1 4096 65614610 62041606 2425950 27 196938 1670421 68138 0 5990 0 0 2097152 0 0
SEP
