RESET
MEM comp06 1608313529 2020/12/18 12:45:29 1479165 4096 65614610 65182034 24944 27 191121 4 61895 0 5999 0 0 2097152 0 0
SEP
MEM comp06 1608313530 2020/12/18 12:45:30 1 4096 65614610 64900593 167473 27 192568 5 63205 0 5999 0 0 2097152 0 0
SEP
MEM comp06 1608313531 2020/12/18 12:45:31 1 4096 65614610 64625246 304689 27 192905 5 63517 0 5999 0 0 2097152 0 0
SEP
MEM comp06 1608313532 2020/12/18 12:45:32 1 4096 65614610 64348663 442929 27 193255 5 63837 0 5999 0 0 2097152 0 0
SEP
MEM comp06 1608313533 2020/12/18 12:45:33 1 4096 65614610 64073670 579873 27 193545 5 64149 0 5999 0 0 2097152 0 0
SEP
MEM comp06 1608313534 2020/12/18 12:45:34 1 4096 65614610 63798656 717361 27 193863 5 64461 0 5999 0 0 2097152 0 0
SEP
MEM comp06 1608313535 2020/12/18 12:45:35 1 4096 65614610 63523112 854577 27 194185 5 64773 0 5999 0 0 2097152 0 0
SEP
MEM comp06 1608313536 2020/12/18 12:45:36 1 4096 65614610 63248098 991793 27 194503 5 65085 0 5999 0 0 2097152 0 0
SEP
MEM comp06 1608313537 2020/12/18 12:45:37 1 4096 65614610 62973106 1129009 27 194785 5 65397 0 5999 0 0 2097152 0 0
SEP
MEM comp06 1608313538 2020/12/18 12:45:38 1 4096 65614610 62696611 1267217 27 195043 5 65637 0 5999 0 0 2097152 0 0
SEP
MEM comp06 1608313539 2020/12/18 12:45:39 1 4096 65614610 62422598 1403441 27 195423 5 66005 0 5999 0 0 2097152 0 0
SEP
MEM comp06 1608313540 2020/12/18 12:45:40 1 4096 65614610 62146691 1541221 27 195663 5 66269 0 5999 0 0 2097152 0 0
SEP
MEM comp06 1608313541 2020/12/18 12:45:41 1 4096 65614610 61871661 1678437 27 195997 5 66581 0 5999 0 0 2097152 0 0
SEP
MEM comp06 1608313542 2020/12/18 12:45:42 1 4096 65614610 61596669 1816113 27 196289 5 66893 0 5999 0 0 2097152 0 0
SEP
MEM comp06 1608313543 2020/12/18 12:45:43 1 4096 65614610 61321155 1953329 27 196611 5 67197 0 5999 0 0 2097152 0 0
SEP
MEM comp06 1608313544 2020/12/18 12:45:44 1 4096 65614610 61046172 2090545 27 196907 5 67517 0 5999 0 0 2097152 0 0
SEP
MEM comp06 1608313545 2020/12/18 12:45:45 1 4096 65614610 60769656 2228137 27 197211 5 67821 0 5999 0 0 2097152 0 0
SEP
MEM comp06 1608313546 2020/12/18 12:45:46 1 4096 65614610 60496179 2364977 27 197519 5 68133 0 5999 0 0 2097152 0 0
SEP
MEM comp06 1608313547 2020/12/18 12:45:47 1 4096 65614610 60221167 2502193 27 197849 5 68445 0 5999 0 0 2097152 0 0
SEP
MEM comp06 1608313548 2020/12/18 12:45:48 1 4096 65614610 59944589 2640433 27 198171 5 68765 0 5999 0 0 2097152 0 0
SEP
MEM comp06 1608313549 2020/12/18 12:45:49 1 4096 65614610 59669616 2777649 27 198455 5 69069 0 5999 0 0 2097152 0 0
SEP
MEM comp06 1608313550 2020/12/18 12:45:50 1 4096 65614610 59394088 2914865 27 198775 5 69381 0 5999 0 0 2097152 0 0
SEP
MEM comp06 1608313551 2020/12/18 12:45:51 1 4096 65614610 59311513 2952773 27 198847 5 69461 0 5999 0 0 2097152 0 0
SEP
MEM comp06 1608313552 2020/12/18 12:45:52 1 4096 65614610 59311312 2952773 27 198859 5 69461 0 5999 0 0 2097152 0 0
SEP
MEM comp06 1608313553 2020/12/18 12:45:53 1 4096 65614610 59311308 2952773 27 198863 5 69461 0 5999 0 0 2097152 0 0
SEP
MEM comp06 1608313554 2020/12/18 12:45:54 1 4096 65614610 59311325 2952773 27 198853 5 69461 0 5999 0 0 2097152 0 0
SEP
MEM comp06 1608313555 2020/12/18 12:45:55 1 4096 65614610 59200297 3063881 27 198971 111011 69589 0 5999 0 0 2097152 0 0
SEP
MEM comp06 1608313556 2020/12/18 12:45:56 1 4096 65614610 56917513 5341204 27 203967 2388398 74573 0 5999 0 0 2097152 0 0
SEP
MEM comp06 1608313557 2020/12/18 12:45:57 1 4096 65614610 57000045 5882336 27 205439 2929670 76029 0 5999 0 0 2097152 0 0
SEP
MEM comp06 1608313558 2020/12/18 12:45:58 1 4096 65614610 56375260 5882461 27 205527 2929693 76117 0 5999 0 0 2097152 0 0
SEP
MEM comp06 1608313559 2020/12/18 12:45:59 1 4096 65614610 56374468 5882461 27 205519 2929689 76117 0 5999 0 0 2097152 0 0
SEP
MEM comp06 1608313560 2020/12/18 12:46:00 1 4096 65614610 56375152 5882461 27 205517 2929689 76117 0 5999 0 0 2097152 0 0
SEP
MEM comp06 1608313561 2020/12/18 12:46:01 1 4096 65614610 56374838 5882461 27 205509 2929689 76117 0 5999 0 0 2097152 0 0
SEP
MEM comp06 1608313562 2020/12/18 12:46:02 1 4096 65614610 56051253 6205633 27 206021 3252627 76629 0 5999 0 0 2097152 0 0
SEP
MEM comp06 1608313563 2020/12/18 12:46:03 1 4096 65614610 54461082 8484671 27 211103 5531999 81701 0 5999 0 0 2097152 0 0
SEP
MEM comp06 1608313564 2020/12/18 12:46:04 1 4096 65614610 53795868 8812150 27 212139 5859376 82717 0 5999 0 0 2097152 0 0
SEP
MEM comp06 1608313565 2020/12/18 12:46:05 1 4096 65614610 53438586 8812150 27 212139 5859377 82717 0 5999 0 0 2097152 0 0
SEP
MEM comp06 1608313566 2020/12/18 12:46:06 1 4096 65614610 53438480 8812150 27 212161 5758536 82717 0 5999 0 0 2097152 0 0
SEP
MEM comp06 1608313567 2020/12/18 12:46:07 1 4096 65614610 53438507 8812150 27 212141 5738545 82717 0 5999 0 0 2097152 0 0
SEP
MEM comp06 1608313568 2020/12/18 12:46:08 1 4096 65614610 53438515 8812150 27 212133 5738545 82717 0 5999 0 0 2097152 0 0
SEP
MEM comp06 1608313569 2020/12/18 12:46:09 1 4096 65614610 52615808 9632582 27 213929 6535848 84509 0 5999 0 0 2097152 0 0
SEP
MEM comp06 1608313570 2020/12/18 12:46:10 1 4096 65614610 52715036 11730294 27 218531 8509326 89101 0 5999 0 0 2097152 0 0
SEP
