RESET
MEM comp06 1608313217 2020/12/18 12:40:17 1478853 4096 65614610 65183422 24653 27 190902 5 61961 0 5994 0 0 2097152 0 0
SEP
MEM comp06 1608313218 2020/12/18 12:40:18 1 4096 65614610 64912323 160319 27 192118 6 63185 0 5994 0 0 2097152 0 0
SEP
MEM comp06 1608313219 2020/12/18 12:40:19 1 4096 65614610 64644639 293439 27 192414 6 63489 0 5994 0 0 2097152 0 0
SEP
MEM comp06 1608313220 2020/12/18 12:40:20 1 4096 65614610 64376370 427543 27 192628 6 63697 0 5994 0 0 2097152 0 0
SEP
MEM comp06 1608313221 2020/12/18 12:40:21 1 4096 65614610 64107561 561663 27 192956 6 64033 0 5994 0 0 2097152 0 0
SEP
MEM comp06 1608313222 2020/12/18 12:40:22 1 4096 65614610 63842305 693823 27 193256 6 64345 0 5994 0 0 2097152 0 0
SEP
MEM comp06 1608313223 2020/12/18 12:40:23 1 4096 65614610 63572247 828991 27 193544 6 64649 0 5994 0 0 2097152 0 0
SEP
MEM comp06 1608313224 2020/12/18 12:40:24 1 4096 65614610 63303061 963135 27 193864 6 64953 0 5994 0 0 2097152 0 0
SEP
MEM comp06 1608313225 2020/12/18 12:40:25 1 4096 65614610 63038321 1095231 27 194168 6 65241 0 5994 0 0 2097152 0 0
SEP
MEM comp06 1608313226 2020/12/18 12:40:26 1 4096 65614610 62767390 1230315 27 194380 6 65513 0 5994 0 0 2097152 0 0
SEP
MEM comp06 1608313227 2020/12/18 12:40:27 1 4096 65614610 62501618 1362495 27 194663 6 65809 0 5994 0 0 2097152 0 0
SEP
MEM comp06 1608313228 2020/12/18 12:40:28 1 4096 65614610 62247914 1487945 27 194957 6 66097 0 5994 0 0 2097152 0 0
SEP
MEM comp06 1608313229 2020/12/18 12:40:29 1 4096 65614610 62247909 1487945 27 194955 6 66097 0 5994 0 0 2097152 0 0
SEP
MEM comp06 1608313230 2020/12/18 12:40:30 1 4096 65614610 62247900 1487945 27 194967 6 66097 0 5994 0 0 2097152 0 0
SEP
MEM comp06 1608313231 2020/12/18 12:40:31 1 4096 65614610 62247916 1487945 27 194953 6 66097 0 5994 0 0 2097152 0 0
SEP
MEM comp06 1608313232 2020/12/18 12:40:32 1 4096 65614610 62247917 1487945 27 194959 6 66097 0 5994 0 0 2097152 0 0
SEP
MEM comp06 1608313233 2020/12/18 12:40:33 1 4096 65614610 61404734 2329245 27 196755 841182 67889 0 5994 0 0 2097152 0 0
SEP
MEM comp06 1608313234 2020/12/18 12:40:34 1 4096 65614610 61418630 2952789 27 198297 1464849 69425 0 5994 0 0 2097152 0 0
SEP
MEM comp06 1608313235 2020/12/18 12:40:35 1 4096 65614610 60779740 2952789 27 198301 1464849 69425 0 5994 0 0 2097152 0 0
SEP
MEM comp06 1608313236 2020/12/18 12:40:36 1 4096 65614610 60779723 2952789 27 198283 1464849 69425 0 5994 0 0 2097152 0 0
SEP
MEM comp06 1608313237 2020/12/18 12:40:37 1 4096 65614610 60779718 2952789 27 198281 1464849 69425 0 5994 0 0 2097152 0 0
SEP
MEM comp06 1608313238 2020/12/18 12:40:38 1 4096 65614610 60779678 2952789 27 198321 1381130 69425 0 5994 0 0 2097152 0 0
SEP
MEM comp06 1608313239 2020/12/18 12:40:39 1 4096 65614610 60478792 3252649 27 198815 1645819 69937 0 5994 0 0 2097152 0 0
SEP
MEM comp06 1608313240 2020/12/18 12:40:40 1 4096 65614610 59899829 4330414 27 201273 2723778 72385 0 5994 0 0 2097152 0 0
SEP
MEM comp06 1608313241 2020/12/18 12:40:41 1 4096 65614610 59441299 4417633 27 201527 2810909 72633 0 5994 0 0 2097152 0 0
SEP
MEM comp06 1608313242 2020/12/18 12:40:42 1 4096 65614610 59311654 4417633 27 201527 2810909 72633 0 5994 0 0 2097152 0 0
SEP
MEM comp06 1608313243 2020/12/18 12:40:43 1 4096 65614610 59311664 4417633 27 201503 2810909 72633 0 5994 0 0 2097152 0 0
SEP
MEM comp06 1608313244 2020/12/18 12:40:44 1 4096 65614610 59311674 4417633 27 201507 2745420 72633 0 5994 0 0 2097152 0 0
SEP
MEM comp06 1608313245 2020/12/18 12:40:45 1 4096 65614610 59311676 4417633 27 201505 2620462 72633 0 5994 0 0 2097152 0 0
SEP
MEM comp06 1608313246 2020/12/18 12:40:46 1 4096 65614610 58578110 5149517 27 203059 3226626 74169 0 5994 0 0 2097152 0 0
SEP
MEM comp06 1608313247 2020/12/18 12:40:47 1 4096 65614610 58638133 5821719 27 204763 3773952 75737 0 5994 0 0 2097152 0 0
SEP
