RESET
MEM comp06 1608312575 2020/12/18 12:29:35 1478211 4096 65614610 65184665 25782 27 189313 2 61009 0 5966 0 0 2097152 0 0
SEP
MEM comp06 1608312576 2020/12/18 12:29:36 1 4096 65614610 64907575 164413 27 190525 5 62153 0 5966 0 0 2097152 0 0
SEP
MEM comp06 1608312577 2020/12/18 12:29:37 1 4096 65614610 64639060 298473 27 190643 5 62379 0 5966 0 0 2097152 0 0
SEP
MEM comp06 1608312578 2020/12/18 12:29:38 1 4096 65614610 64364038 435773 27 190941 5 62691 0 5966 0 0 2097152 0 0
SEP
MEM comp06 1608312579 2020/12/18 12:29:39 1 4096 65614610 64096687 568893 27 191261 5 62995 0 5966 0 0 2097152 0 0
SEP
MEM comp06 1608312580 2020/12/18 12:29:40 1 4096 65614610 63822185 706109 27 191579 5 63307 0 5966 0 0 2097152 0 0
SEP
MEM comp06 1608312581 2020/12/18 12:29:41 1 4096 65614610 63550037 841193 27 191861 5 63611 0 5966 0 0 2097152 0 0
SEP
MEM comp06 1608312582 2020/12/18 12:29:42 1 4096 65614610 63280405 976445 27 192037 5 63877 0 5966 0 0 2097152 0 0
SEP
MEM comp06 1608312583 2020/12/18 12:29:43 1 4096 65614610 63004877 1113661 27 192359 5 64189 0 5966 0 0 2097152 0 0
SEP
MEM comp06 1608312584 2020/12/18 12:29:44 1 4096 65614610 62736026 1247805 27 192667 5 64501 0 5966 0 0 2097152 0 0
SEP
MEM comp06 1608312585 2020/12/18 12:29:45 1 4096 65614610 62461484 1385021 27 192971 5 64797 0 5966 0 0 2097152 0 0
SEP
MEM comp06 1608312586 2020/12/18 12:29:46 1 4096 65614610 62190061 1520189 27 193285 5 65117 0 5966 0 0 2097152 0 0
SEP
MEM comp06 1608312587 2020/12/18 12:29:47 1 4096 65614610 61917110 1656381 27 193579 5 65413 0 5966 0 0 2097152 0 0
SEP
MEM comp06 1608312588 2020/12/18 12:29:48 1 4096 65614610 61648322 1790521 27 193879 5 65717 0 5966 0 0 2097152 0 0
SEP
MEM comp06 1608312589 2020/12/18 12:29:49 1 4096 65614610 61373293 1927737 27 194205 5 66021 0 5966 0 0 2097152 0 0
SEP
MEM comp06 1608312590 2020/12/18 12:29:50 1 4096 65614610 61104462 2061881 27 194499 5 66333 0 5966 0 0 2097152 0 0
SEP
MEM comp06 1608312591 2020/12/18 12:29:51 1 4096 65614610 60829697 2198334 27 194819 5 66637 0 5966 0 0 2097152 0 0
SEP
MEM comp06 1608312592 2020/12/18 12:29:52 1 4096 65614610 60781770 2220360 27 194859 5 66693 0 5966 0 0 2097152 0 0
SEP
MEM comp06 1608312593 2020/12/18 12:29:53 1 4096 65614610 60781251 2220360 27 194859 5 66693 0 5966 0 0 2097152 0 0
SEP
MEM comp06 1608312594 2020/12/18 12:29:54 1 4096 65614610 60781775 2220360 27 194861 5 66693 0 5966 0 0 2097152 0 0
SEP
MEM comp06 1608312595 2020/12/18 12:29:55 1 4096 65614610 60781776 2220360 27 194867 5 66693 0 5966 0 0 2097152 0 0
SEP
MEM comp06 1608312596 2020/12/18 12:29:56 1 4096 65614610 60384050 2617282 27 195673 396869 67517 0 5966 0 0 2097152 0 0
SEP
MEM comp06 1608312597 2020/12/18 12:29:57 1 4096 65614610 59898767 4250096 27 199351 2029742 71173 0 5966 0 0 2097152 0 0
SEP
MEM comp06 1608312598 2020/12/18 12:29:58 1 4096 65614610 58702525 4417626 27 199865 2197270 71685 0 5966 0 0 2097152 0 0
SEP
MEM comp06 1608312599 2020/12/18 12:29:59 1 4096 65614610 58579535 4417626 27 199865 2197270 71685 0 5966 0 0 2097152 0 0
SEP
MEM comp06 1608312600 2020/12/18 12:30:00 1 4096 65614610 58579563 4417626 27 199851 2197270 71685 0 5966 0 0 2097152 0 0
SEP
MEM comp06 1608312601 2020/12/18 12:30:01 1 4096 65614610 58579586 4417626 27 199823 2197270 71685 0 5966 0 0 2097152 0 0
SEP
MEM comp06 1608312602 2020/12/18 12:30:02 1 4096 65614610 58565205 4431914 27 199829 2211634 71685 0 5966 0 0 2097152 0 0
SEP
MEM comp06 1608312603 2020/12/18 12:30:03 1 4096 65614610 57195004 5799238 27 202783 3578734 74629 0 5966 0 0 2097152 0 0
SEP
MEM comp06 1608312604 2020/12/18 12:30:04 1 4096 65614610 57236099 6614891 27 204647 4394439 76493 0 5966 0 0 2097152 0 0
SEP
MEM comp06 1608312605 2020/12/18 12:30:05 1 4096 65614610 56377289 6614892 27 204767 4394533 76613 0 5966 0 0 2097152 0 0
SEP
MEM comp06 1608312606 2020/12/18 12:30:06 1 4096 65614610 56377315 6614892 27 204747 4378254 76613 0 5966 0 0 2097152 0 0
SEP
MEM comp06 1608312607 2020/12/18 12:30:07 1 4096 65614610 56377301 6614892 27 204775 4277797 76613 0 5966 0 0 2097152 0 0
SEP
MEM comp06 1608312608 2020/12/18 12:30:08 1 4096 65614610 56377300 6614892 27 204777 4277797 76613 0 5966 0 0 2097152 0 0
SEP
MEM comp06 1608312609 2020/12/18 12:30:09 1 4096 65614610 56239987 6751387 27 204951 4414258 76797 0 5966 0 0 2097152 0 0
SEP
MEM comp06 1608312610 2020/12/18 12:30:10 1 4096 65614610 55245561 8476032 27 208663 6138901 80501 0 5966 0 0 2097152 0 0
SEP
