RESET
MEM comp06 1608312276 2020/12/18 12:24:36 1477912 4096 65614610 65186953 23872 27 188511 5 60430 0 5949 0 0 2097152 0 0
SEP
MEM comp06 1608312277 2020/12/18 12:24:37 1 4096 65614610 64935290 149022 27 189299 7 61437 0 5949 0 0 2097152 0 0
SEP
MEM comp06 1608312278 2020/12/18 12:24:38 1 4096 65614610 64685017 273950 27 189597 7 61725 0 5949 0 0 2097152 0 0
SEP
MEM comp06 1608312279 2020/12/18 12:24:39 1 4096 65614610 64435147 398878 27 189877 7 62005 0 5949 0 0 2097152 0 0
SEP
MEM comp06 1608312280 2020/12/18 12:24:40 1 4096 65614610 64184926 522782 27 190145 7 62285 0 5949 0 0 2097152 0 0
SEP
MEM comp06 1608312281 2020/12/18 12:24:41 1 4096 65614610 63934398 648086 27 190445 7 62573 0 5949 0 0 2097152 0 0
SEP
MEM comp06 1608312282 2020/12/18 12:24:42 1 4096 65614610 63718643 755491 27 190675 7 62813 0 5949 0 0 2097152 0 0
SEP
MEM comp06 1608312283 2020/12/18 12:24:43 1 4096 65614610 63718548 755491 27 190679 7 62813 0 5949 0 0 2097152 0 0
SEP
MEM comp06 1608312284 2020/12/18 12:24:44 1 4096 65614610 63718558 755491 27 190669 7 62813 0 5949 0 0 2097152 0 0
SEP
MEM comp06 1608312285 2020/12/18 12:24:45 1 4096 65614610 63718542 755491 27 190685 7 62813 0 5949 0 0 2097152 0 0
SEP
MEM comp06 1608312286 2020/12/18 12:24:46 1 4096 65614610 63718559 755491 27 190675 7 62813 0 5949 0 0 2097152 0 0
SEP
MEM comp06 1608312287 2020/12/18 12:24:47 1 4096 65614610 63131810 1340970 27 191975 585530 64109 0 5949 0 0 2097152 0 0
SEP
MEM comp06 1608312288 2020/12/18 12:24:48 1 4096 65614610 63078346 1487913 27 192351 732428 64477 0 5949 0 0 2097152 0 0
SEP
MEM comp06 1608312289 2020/12/18 12:24:49 1 4096 65614610 62984471 1487913 27 192355 732428 64477 0 5949 0 0 2097152 0 0
SEP
MEM comp06 1608312290 2020/12/18 12:24:50 1 4096 65614610 62984491 1487913 27 192335 732428 64477 0 5949 0 0 2097152 0 0
SEP
MEM comp06 1608312291 2020/12/18 12:24:51 1 4096 65614610 62984481 1487913 27 192345 732428 64477 0 5949 0 0 2097152 0 0
SEP
MEM comp06 1608312292 2020/12/18 12:24:52 1 4096 65614610 62984482 1487913 27 192351 732428 64477 0 5949 0 0 2097152 0 0
SEP
MEM comp06 1608312293 2020/12/18 12:24:53 1 4096 65614610 62571198 1900306 27 193153 1144865 65293 0 5949 0 0 2097152 0 0
SEP
MEM comp06 1608312294 2020/12/18 12:24:54 1 4096 65614610 62525401 2220335 27 194003 1464850 66133 0 5949 0 0 2097152 0 0
SEP
MEM comp06 1608312295 2020/12/18 12:24:55 1 4096 65614610 62250401 2220335 27 194011 1464850 66133 0 5949 0 0 2097152 0 0
SEP
MEM comp06 1608312296 2020/12/18 12:24:56 1 4096 65614610 62250424 2220335 27 193995 1464850 66133 0 5949 0 0 2097152 0 0
SEP
MEM comp06 1608312297 2020/12/18 12:24:57 1 4096 65614610 62250448 2220335 27 193971 1398369 66133 0 5949 0 0 2097152 0 0
SEP
MEM comp06 1608312298 2020/12/18 12:24:58 1 4096 65614610 62250438 2220335 27 193985 1348114 66133 0 5949 0 0 2097152 0 0
SEP
MEM comp06 1608312299 2020/12/18 12:24:59 1 4096 65614610 62010054 2460296 27 194431 1588007 66573 0 5949 0 0 2097152 0 0
SEP
