RESET
MEM comp06 1608312734 2020/12/18 12:32:14 1478370 4096 65614610 65183510 25683 27 189559 6 61308 0 5972 0 0 2097152 0 0
SEP
MEM comp06 1608312735 2020/12/18 12:32:15 1 4096 65614610 64902043 167482 27 190828 7 62508 0 5974 0 0 2097152 0 0
SEP
MEM comp06 1608312736 2020/12/18 12:32:16 1 4096 65614610 64626656 304694 27 191144 7 62820 0 5974 0 0 2097152 0 0
SEP
MEM comp06 1608312737 2020/12/18 12:32:17 1 4096 65614610 64351566 441910 27 191291 7 63076 0 5974 0 0 2097152 0 0
SEP
MEM comp06 1608312738 2020/12/18 12:32:18 1 4096 65614610 64075662 580150 27 191589 7 63388 0 5974 0 0 2097152 0 0
SEP
MEM comp06 1608312739 2020/12/18 12:32:19 1 4096 65614610 63800126 717366 27 191919 7 63708 0 5974 0 0 2097152 0 0
SEP
MEM comp06 1608312740 2020/12/18 12:32:20 1 4096 65614610 63524604 854582 27 192219 7 64020 0 5974 0 0 2097152 0 0
SEP
MEM comp06 1608312741 2020/12/18 12:32:21 1 4096 65614610 63250111 991798 27 192521 7 64316 0 5974 0 0 2097152 0 0
SEP
MEM comp06 1608312742 2020/12/18 12:32:22 1 4096 65614610 62975096 1129014 27 192847 7 64636 0 5974 0 0 2097152 0 0
SEP
MEM comp06 1608312743 2020/12/18 12:32:23 1 4096 65614610 62699574 1266227 27 193147 7 64948 0 5974 0 0 2097152 0 0
SEP
MEM comp06 1608312744 2020/12/18 12:32:24 1 4096 65614610 62423476 1404195 27 193569 7 65244 0 5974 0 0 2097152 0 0
SEP
MEM comp06 1608312745 2020/12/18 12:32:25 1 4096 65614610 62148548 1541683 27 193773 7 65564 0 5974 0 0 2097152 0 0
SEP
MEM comp06 1608312746 2020/12/18 12:32:26 1 4096 65614610 61873063 1678835 27 194073 7 65868 0 5974 0 0 2097152 0 0
SEP
MEM comp06 1608312747 2020/12/18 12:32:27 1 4096 65614610 61598044 1816115 27 194389 7 66188 0 5974 0 0 2097152 0 0
SEP
MEM comp06 1608312748 2020/12/18 12:32:28 1 4096 65614610 61323053 1953331 27 194691 7 66500 0 5974 0 0 2097152 0 0
SEP
MEM comp06 1608312749 2020/12/18 12:32:29 1 4096 65614610 61047524 2090511 27 195049 7 66732 0 5974 0 0 2097152 0 0
SEP
MEM comp06 1608312750 2020/12/18 12:32:30 1 4096 65614610 60771649 2227951 27 195199 7 67012 0 5974 0 0 2097152 0 0
SEP
MEM comp06 1608312751 2020/12/18 12:32:31 1 4096 65614610 60496631 2366003 27 195521 7 67332 0 5974 0 0 2097152 0 0
SEP
MEM comp06 1608312752 2020/12/18 12:32:32 1 4096 65614610 60221101 2503219 27 195829 7 67636 0 5974 0 0 2097152 0 0
SEP
MEM comp06 1608312753 2020/12/18 12:32:33 1 4096 65614610 59946090 2640435 27 196137 7 67948 0 5974 0 0 2097152 0 0
SEP
MEM comp06 1608312754 2020/12/18 12:32:34 1 4096 65614610 59671090 2777651 27 196461 7 68260 0 5974 0 0 2097152 0 0
SEP
MEM comp06 1608312755 2020/12/18 12:32:35 1 4096 65614610 59396085 2914867 27 196763 7 68572 0 5974 0 0 2097152 0 0
SEP
MEM comp06 1608312756 2020/12/18 12:32:36 1 4096 65614610 59313295 2952775 27 196867 7 68652 0 5974 0 0 2097152 0 0
SEP
MEM comp06 1608312757 2020/12/18 12:32:37 1 4096 65614610 59313293 2952775 27 196869 7 68652 0 5974 0 0 2097152 0 0
SEP
MEM comp06 1608312758 2020/12/18 12:32:38 1 4096 65614610 59313269 2952775 27 196895 7 68652 0 5974 0 0 2097152 0 0
SEP
MEM comp06 1608312759 2020/12/18 12:32:39 1 4096 65614610 59313298 2952775 27 196881 7 68652 0 5974 0 0 2097152 0 0
SEP
MEM comp06 1608312760 2020/12/18 12:32:40 1 4096 65614610 59200693 3065112 27 197137 112360 68908 0 5974 0 0 2097152 0 0
SEP
MEM comp06 1608312761 2020/12/18 12:32:41 1 4096 65614610 57187297 5074086 27 201527 2121290 73284 0 5974 0 0 2097152 0 0
SEP
MEM comp06 1608312762 2020/12/18 12:32:42 1 4096 65614610 57353790 5882463 27 203463 2929694 75220 0 5974 0 0 2097152 0 0
SEP
MEM comp06 1608312763 2020/12/18 12:32:43 1 4096 65614610 56377061 5882463 27 203463 2929694 75220 0 5974 0 0 2097152 0 0
SEP
MEM comp06 1608312764 2020/12/18 12:32:44 1 4096 65614610 56377054 5882463 27 203463 2929690 75220 0 5974 0 0 2097152 0 0
SEP
MEM comp06 1608312765 2020/12/18 12:32:45 1 4096 65614610 56377050 5882463 27 203467 2929690 75220 0 5974 0 0 2097152 0 0
SEP
MEM comp06 1608312766 2020/12/18 12:32:46 1 4096 65614610 56377058 5882463 27 203459 2929690 75220 0 5974 0 0 2097152 0 0
SEP
MEM comp06 1608312767 2020/12/18 12:32:47 1 4096 65614610 56109751 6149261 27 204011 3196458 75780 0 5974 0 0 2097152 0 0
SEP
MEM comp06 1608312768 2020/12/18 12:32:48 1 4096 65614610 54588996 8284211 27 208679 5331374 80436 0 5974 0 0 2097152 0 0
SEP
MEM comp06 1608312769 2020/12/18 12:32:49 1 4096 65614610 54046601 8812164 27 210055 5859344 81812 0 5974 0 0 2097152 0 0
SEP
MEM comp06 1608312770 2020/12/18 12:32:50 1 4096 65614610 53440806 8812152 27 210103 5859377 81860 0 5974 0 0 2097152 0 0
SEP
MEM comp06 1608312771 2020/12/18 12:32:51 1 4096 65614610 53440808 8812152 27 210101 5779540 81860 0 5974 0 0 2097152 0 0
SEP
MEM comp06 1608312772 2020/12/18 12:32:52 1 4096 65614610 53440345 8812152 27 210073 5743665 81860 0 5974 0 0 2097152 0 0
SEP
MEM comp06 1608312773 2020/12/18 12:32:53 1 4096 65614610 53440836 8812152 27 210087 5743665 81860 0 5974 0 0 2097152 0 0
SEP
MEM comp06 1608312774 2020/12/18 12:32:54 1 4096 65614610 52752092 9499480 27 211489 6413355 83268 0 5974 0 0 2097152 0 0
SEP
MEM comp06 1608312775 2020/12/18 12:32:55 1 4096 65614610 52893204 11555100 27 216327 8345650 88068 0 5974 0 0 2097152 0 0
SEP
