RESET
MEM comp06 1608312899 2020/12/18 12:34:59 1478535 4096 65614610 65168059 38228 27 190958 70 62386 0 5985 0 0 2097152 0 0
SEP
MEM comp06 1608312900 2020/12/18 12:35:00 1 4096 65614610 64882422 183865 27 192330 72 63580 0 5985 0 0 2097152 0 0
SEP
MEM comp06 1608312901 2020/12/18 12:35:01 1 4096 65614610 64605676 322105 27 192443 72 63831 0 5985 0 0 2097152 0 0
SEP
MEM comp06 1608312902 2020/12/18 12:35:02 1 4096 65614610 64329124 460345 27 192751 72 64151 0 5985 0 0 2097152 0 0
SEP
MEM comp06 1608312903 2020/12/18 12:35:03 1 4096 65614610 64053059 597561 27 193043 72 64455 0 5985 0 0 2097152 0 0
SEP
MEM comp06 1608312904 2020/12/18 12:35:04 1 4096 65614610 63776508 735801 27 193357 72 64767 0 5985 0 0 2097152 0 0
SEP
MEM comp06 1608312905 2020/12/18 12:35:05 1 4096 65614610 63499965 874041 27 193677 72 65087 0 5985 0 0 2097152 0 0
SEP
MEM comp06 1608312906 2020/12/18 12:35:06 1 4096 65614610 63223920 1011257 27 193981 72 65391 0 5985 0 0 2097152 0 0
SEP
MEM comp06 1608312907 2020/12/18 12:35:07 1 4096 65614610 62947376 1149497 27 194295 72 65711 0 5985 0 0 2097152 0 0
SEP
MEM comp06 1608312908 2020/12/18 12:35:08 1 4096 65614610 62670837 1287737 27 194605 72 66015 0 5985 0 0 2097152 0 0
SEP
MEM comp06 1608312909 2020/12/18 12:35:09 1 4096 65614610 62393747 1425977 27 194925 72 66335 0 5985 0 0 2097152 0 0
SEP
MEM comp06 1608312910 2020/12/18 12:35:10 1 4096 65614610 62118261 1563190 27 195225 72 66647 0 5985 0 0 2097152 0 0
SEP
MEM comp06 1608312911 2020/12/18 12:35:11 1 4096 65614610 61841184 1701430 27 195553 72 66959 0 5985 0 0 2097152 0 0
SEP
MEM comp06 1608312912 2020/12/18 12:35:12 1 4096 65614610 61564663 1838834 27 195851 72 67271 0 5985 0 0 2097152 0 0
SEP
MEM comp06 1608312913 2020/12/18 12:35:13 1 4096 65614610 61289093 1976886 27 196173 72 67583 0 5985 0 0 2097152 0 0
SEP
MEM comp06 1608312914 2020/12/18 12:35:14 1 4096 65614610 61012547 2115122 27 196489 72 67895 0 5985 0 0 2097152 0 0
SEP
MEM comp06 1608312915 2020/12/18 12:35:15 1 4096 65614610 60736501 2252338 27 196801 72 68207 0 5985 0 0 2097152 0 0
SEP
MEM comp06 1608312916 2020/12/18 12:35:16 1 4096 65614610 60459967 2390578 27 197105 72 68519 0 5985 0 0 2097152 0 0
SEP
MEM comp06 1608312917 2020/12/18 12:35:17 1 4096 65614610 60183406 2528818 27 197429 72 68831 0 5985 0 0 2097152 0 0
SEP
MEM comp06 1608312918 2020/12/18 12:35:18 1 4096 65614610 59907890 2666034 27 197737 72 69143 0 5985 0 0 2097152 0 0
SEP
MEM comp06 1608312919 2020/12/18 12:35:19 1 4096 65614610 59631345 2804274 27 198045 72 69455 0 5985 0 0 2097152 0 0
SEP
MEM comp06 1608312920 2020/12/18 12:35:20 1 4096 65614610 59354315 2942430 27 198349 72 69767 0 5985 0 0 2097152 0 0
SEP
MEM comp06 1608312921 2020/12/18 12:35:21 1 4096 65614610 59078767 3079730 27 198661 72 70071 0 5985 0 0 2097152 0 0
SEP
MEM comp06 1608312922 2020/12/18 12:35:22 1 4096 65614610 58802299 3217970 27 198929 72 70343 0 5985 0 0 2097152 0 0
SEP
MEM comp06 1608312923 2020/12/18 12:35:23 1 4096 65614610 58526746 3355186 27 199256 72 70671 0 5985 0 0 2097152 0 0
SEP
MEM comp06 1608312924 2020/12/18 12:35:24 1 4096 65614610 58250232 3492590 27 199568 72 70975 0 5985 0 0 2097152 0 0
SEP
MEM comp06 1608312925 2020/12/18 12:35:25 1 4096 65614610 57974180 3630642 27 199872 72 71287 0 5985 0 0 2097152 0 0
SEP
MEM comp06 1608312926 2020/12/18 12:35:26 1 4096 65614610 57828576 3699531 27 200054 72 71447 0 5985 0 0 2097152 0 0
SEP
MEM comp06 1608312927 2020/12/18 12:35:27 1 4096 65614610 57828464 3699531 27 200032 72 71447 0 5985 0 0 2097152 0 0
SEP
MEM comp06 1608312928 2020/12/18 12:35:28 1 4096 65614610 57828504 3699531 27 200022 72 71447 0 5985 0 0 2097152 0 0
SEP
MEM comp06 1608312929 2020/12/18 12:35:29 1 4096 65614610 57828496 3699531 27 200024 23 71447 0 5985 0 0 2097152 0 0
SEP
MEM comp06 1608312930 2020/12/18 12:35:30 1 4096 65614610 57828476 3699531 27 200044 23 71447 0 5985 0 0 2097152 0 0
SEP
MEM comp06 1608312931 2020/12/18 12:35:31 1 4096 65614610 55741145 5782372 27 204244 2082850 75655 0 5985 0 0 2097152 0 0
SEP
MEM comp06 1608312932 2020/12/18 12:35:32 1 4096 65614610 55989296 7361633 27 208142 3662085 79543 0 5985 0 0 2097152 0 0
SEP
MEM comp06 1608312933 2020/12/18 12:35:33 1 4096 65614610 54158409 7361642 27 208240 3662134 79639 0 5985 0 0 2097152 0 0
SEP
MEM comp06 1608312934 2020/12/18 12:35:34 1 4096 65614610 54158252 7361642 27 208230 3662131 79639 0 5985 0 0 2097152 0 0
SEP
MEM comp06 1608312935 2020/12/18 12:35:35 1 4096 65614610 54158268 7361642 27 208230 3662132 79639 0 5985 0 0 2097152 0 0
SEP
MEM comp06 1608312936 2020/12/18 12:35:36 1 4096 65614610 54157739 7361642 27 208248 3582839 79639 0 5985 0 0 2097152 0 0
SEP
MEM comp06 1608312937 2020/12/18 12:35:37 1 4096 65614610 54157771 7361642 27 208216 3547444 79639 0 5985 0 0 2097152 0 0
SEP
MEM comp06 1608312938 2020/12/18 12:35:38 1 4096 65614610 51848651 9666194 27 213182 5852042 84607 0 5985 0 0 2097152 0 0
SEP
MEM comp06 1608312939 2020/12/18 12:35:39 1 4096 65614610 52091662 11023735 27 216428 7093791 87807 0 5985 0 0 2097152 0 0
SEP
MEM comp06 1608312940 2020/12/18 12:35:40 1 4096 65614610 50487940 11023752 27 216468 6967427 87847 0 5985 0 0 2097152 0 0
SEP
MEM comp06 1608312941 2020/12/18 12:35:41 1 4096 65614610 50487849 11023752 27 216468 6841005 87847 0 5985 0 0 2097152 0 0
SEP
MEM comp06 1608312942 2020/12/18 12:35:42 1 4096 65614610 50487868 11023752 27 216470 6716033 87847 0 5985 0 0 2097152 0 0
SEP
MEM comp06 1608312943 2020/12/18 12:35:43 1 4096 65614610 50487818 11023752 27 216520 6590041 87847 0 5985 0 0 2097152 0 0
SEP
MEM comp06 1608312944 2020/12/18 12:35:44 1 4096 65614610 50446148 11065300 27 216570 6506692 87847 0 5985 0 0 2097152 0 0
SEP
MEM comp06 1608312945 2020/12/18 12:35:45 1 4096 65614610 48076762 13429810 27 221384 8744185 92795 0 5985 0 0 2097152 0 0
SEP
