RESET
MEM comp06 1608312422 2020/12/18 12:27:02 1478058 4096 65614610 65185344 24045 27 188842 6 60635 0 5957 0 0 2097152 0 0
SEP
MEM comp06 1608312423 2020/12/18 12:27:03 1 4096 65614610 64914882 160285 27 189985 6 61731 0 5957 0 0 2097152 0 0
SEP
MEM comp06 1608312424 2020/12/18 12:27:04 1 4096 65614610 64647746 293405 27 190301 6 62043 0 5957 0 0 2097152 0 0
SEP
MEM comp06 1608312425 2020/12/18 12:27:05 1 4096 65614610 64378424 427549 27 190424 6 62285 0 5957 0 0 2097152 0 0
SEP
MEM comp06 1608312426 2020/12/18 12:27:06 1 4096 65614610 64109589 561693 27 190722 6 62589 0 5957 0 0 2097152 0 0
SEP
MEM comp06 1608312427 2020/12/18 12:27:07 1 4096 65614610 63843297 694813 27 191030 6 62893 0 5957 0 0 2097152 0 0
SEP
MEM comp06 1608312428 2020/12/18 12:27:08 1 4096 65614610 63573910 828957 27 191340 6 63197 0 5957 0 0 2097152 0 0
SEP
MEM comp06 1608312429 2020/12/18 12:27:09 1 4096 65614610 63306559 962077 27 191646 6 63501 0 5957 0 0 2097152 0 0
SEP
MEM comp06 1608312430 2020/12/18 12:27:10 1 4096 65614610 63038733 1096221 27 191952 6 63805 0 5957 0 0 2097152 0 0
SEP
MEM comp06 1608312431 2020/12/18 12:27:11 1 4096 65614610 62770977 1229277 27 192128 6 63989 0 5957 0 0 2097152 0 0
SEP
MEM comp06 1608312432 2020/12/18 12:27:12 1 4096 65614610 62503110 1363485 27 192498 6 64365 0 5957 0 0 2097152 0 0
SEP
MEM comp06 1608312433 2020/12/18 12:27:13 1 4096 65614610 62250161 1487878 27 192672 6 64525 0 5957 0 0 2097152 0 0
SEP
MEM comp06 1608312434 2020/12/18 12:27:14 1 4096 65614610 62250175 1487911 27 192778 6 64645 0 5957 0 0 2097152 0 0
SEP
MEM comp06 1608312435 2020/12/18 12:27:15 1 4096 65614610 62250179 1487911 27 192776 6 64645 0 5957 0 0 2097152 0 0
SEP
MEM comp06 1608312436 2020/12/18 12:27:16 1 4096 65614610 62250190 1487911 27 192772 6 64645 0 5957 0 0 2097152 0 0
SEP
MEM comp06 1608312437 2020/12/18 12:27:17 1 4096 65614610 62250181 1487911 27 192784 6 64645 0 5957 0 0 2097152 0 0
SEP
MEM comp06 1608312438 2020/12/18 12:27:18 1 4096 65614610 61633748 2103047 27 194056 615012 65925 0 5957 0 0 2097152 0 0
SEP
MEM comp06 1608312439 2020/12/18 12:27:19 1 4096 65614610 61656993 2952657 27 196034 1464820 67893 0 5957 0 0 2097152 0 0
SEP
MEM comp06 1608312440 2020/12/18 12:27:20 1 4096 65614610 60782117 2952755 27 196122 1464850 67973 0 5957 0 0 2097152 0 0
SEP
MEM comp06 1608312441 2020/12/18 12:27:21 1 4096 65614610 60782023 2952755 27 196118 1464850 67973 0 5957 0 0 2097152 0 0
SEP
MEM comp06 1608312442 2020/12/18 12:27:22 1 4096 65614610 60782023 2952755 27 196106 1464850 67973 0 5957 0 0 2097152 0 0
SEP
MEM comp06 1608312443 2020/12/18 12:27:23 1 4096 65614610 60782026 2952755 27 196112 1438265 67973 0 5957 0 0 2097152 0 0
SEP
MEM comp06 1608312444 2020/12/18 12:27:24 1 4096 65614610 60575938 3158427 27 196520 1553746 68357 0 5957 0 0 2097152 0 0
SEP
MEM comp06 1608312445 2020/12/18 12:27:25 1 4096 65614610 60297081 3970999 27 198388 2366274 70229 0 5957 0 0 2097152 0 0
SEP
MEM comp06 1608312446 2020/12/18 12:27:26 1 4096 65614610 59777814 4417563 27 199380 2812924 71221 0 5957 0 0 2097152 0 0
SEP
MEM comp06 1608312447 2020/12/18 12:27:27 1 4096 65614610 59313965 4417599 27 199372 2812958 71213 0 5957 0 0 2097152 0 0
SEP
MEM comp06 1608312448 2020/12/18 12:27:28 1 4096 65614610 59313928 4417599 27 199360 2812958 71213 0 5957 0 0 2097152 0 0
SEP
MEM comp06 1608312449 2020/12/18 12:27:29 1 4096 65614610 59313927 4417599 27 199368 2804869 71213 0 5957 0 0 2097152 0 0
SEP
MEM comp06 1608312450 2020/12/18 12:27:30 1 4096 65614610 59313941 4417599 27 199354 2681171 71213 0 5957 0 0 2097152 0 0
SEP
MEM comp06 1608312451 2020/12/18 12:27:31 1 4096 65614610 58661322 5068703 27 200920 3207205 72653 0 5957 0 0 2097152 0 0
SEP
MEM comp06 1608312452 2020/12/18 12:27:32 1 4096 65614610 58730198 5732183 27 202266 3750229 74101 0 5957 0 0 2097152 0 0
SEP
